00|28032837|1|25/02/2013|12/12/2013|ESC MUN DE ENS FND VR JOSE VICENTE G DIAS|-11.5752778|-38.0038889|49230000|POVOADO RIACHO DO MARCO||||28|2806305|05|79||35489903|||SEMESLI.SE@HOTMAIL.COM|00001|3|2||||||||||2|
10|28032837|67589049549|JOSINEIDE DE JESUS HUNGRIA|1|JOSINEIDEHUNGRIA1@HOTMAIL.COM|1|0|0|0|0|0|0|0|0|1|0|||||||1|1|0|0|0|0|1|0|0|0|0|1|0|1|0|0|0|0|0|0|0|1|0|0|0|0|0|1|0|0|0|0|0|1|0|0|0|1|0|0|1|0|0|1|0|0|0|0|0|3|4|2|0|1|0|0|0|1|1|0|0|1|1|1||0||20|1|0|1|1|0|1|0|1|0|1|0|0|0|0|0|0|0|0|0|0|0|0|0|0|1|0|0|0|7|1|0|0|0||||0|0|0|
20|28032837|1769202||1º ANO MATUTINO|07|30|11|45|0|1|1|1|1|1|1|0|0||||||||||||||||||1|14||0|0|1|0|1|1|0|0|0|0|1|1|1|1|0|0|0|0|0|0|0|0|0|1|0|1|0|
20|28032837|1768491||2 ANO MATUTINO|07|30|11|45|0|1|1|1|1|1|1|0|0||||||||||||||||||1|15||0|0|1|0|1|1|0|0|0|0|1|1|1|1|0|0|0|0|0|0|0|0|0|1|0|1|0|
20|28032837|1762554||2º E 3º EJA|19|00|22|00|0|1|1|1|1|1|1|0|||||||||||||||||||3|43||0|0|1|0|1|1|0|0|0|0|1|1|1|1|0|0|0|0|0|0|0|0|0|1|0|1|0|
20|28032837|1770406||3º ANO VESPERTINO|13|00|17|15|0|1|1|1|1|1|1|0|0||||||||||||||||||1|16||0|0|1|0|1|1|0|0|0|0|1|1|1|1|0|0|0|0|0|0|0|0|0|1|0|1|0|
20|28032837|1771612||4º ANO VESPERTINO|13|00|17|15|0|1|1|1|1|1|1|0|0||||||||||||||||||1|17||0|0|1|0|1|1|0|0|0|0|1|1|1|1|0|0|0|0|0|0|0|0|0|1|0|1|0|
20|28032837|1762564||4º E 5º EJA|19|00|22|00|0|1|1|1|1|1|1|0|||||||||||||||||||3|43||0|0|1|0|1|1|0|0|0|0|1|1|1|1|0|0|0|0|0|0|0|0|0|1|0|1|0|
20|28032837|1771626||5º ANO VESPERTINO|13|00|17|15|0|1|1|1|1|1|1|0|0||||||||||||||||||1|18||0|0|1|0|1|1|0|0|0|0|1|1|1|1|0|0|0|0|0|0|0|0|0|1|0|1|0|
20|28032837|3096054||PETI MANHA|07|00|10|00|0|1|1|1|1|1|0|4|0|91001||||||||||||||||||||0|0|0|0|0|0|0|0|0|0|0|0|0|0|0|0|0|0|0|0|0|0|0|0|0|0||
20|28032837|3546499||PETI MANHA 2|07|00|10|00|0|1|1|1|1|1|0|4|0|91001||||||||||||||||||||0|0|0|0|0|0|0|0|0|0|0|0|0|0|0|0|0|0|0|0|0|0|0|0|0|0||
20|28032837|1767406||PRE-ESCOLAR MATUTINO|07|30|11|45|0|1|1|1|1|1|1|0|||||||||||||||||||1|2||0|0|0|0|0|0|0|0|0|0|0|0|0|0|0|0|0|0|0|0|0|0|0|0|0|0|0|
20|28032837|3828731||TURMA A - MAIS EDUCACAO|07|30|11|30|0|1|1|1|1|0|0|4|1|22001|31002|22005|14001|31001|31005|||||||||||||||0|0|0|0|0|0|0|0|0|0|0|0|0|0|0|0|0|0|0|0|0|0|0|0|0|0||
20|28032837|3829063||TURMA B - MAIS EDUCACAO|13|00|17|00|0|1|1|1|1|0|0|4|1|22005|14001|22001|31001|31002|31005|||||||||||||||0|0|0|0|0|0|0|0|0|0|0|0|0|0|0|0|0|0|0|0|0|0|0|0|0|0||
30|28032837|115037648504||LUIZ CARLOS MARTINS|||04/09/1975|1|0|LUZIA SILVA DE JESUS|1|76|28|2802106|0|0|0|0|0|0|0|0|0|
40|28032837|115037648504||94329990504||49200000|PRACA SAO JOAO|268||CENTRO|28|2802106|
50|28032837|115037648504||6|2||145F10|2008||1|3|||||||||||||||0|0|0|0|0|0|0|0|0|0|0|0|0|0|0|0|0|0|0|1|
51|28032837|115037648504||1771626||1|1|3|5|6|10|11|12|13|26|99|||||
30|28032837|122808997280||LEANDERSON SANTOS CARVALHO|||24/05/1982|1|3|MARIA JOSE SANTOS CARVALHO|1|76|28|2802106|0|0|0|0|0|0|0|0|0|
40|28032837|122808997280||00243970595||49200000|RUA HELVECIO ARAUJO|195||CENTRO|28|2802106|
50|28032837|122808997280||6|2||146F15|2010||2|398|||||||||||||||0|0|0|0|0|0|0|0|0|0|0|0|0|0|0|0|0|0|0|1|
51|28032837|122808997280||3828731||3|||||||||||||||
51|28032837|122808997280||3829063||3|||||||||||||||
30|28032837|123178092128||MARCOS ALMEIDA FERREIRA|MARCOSHOW.JUDOCA@HOTMAIL.COM||23/03/1992|1|2|JOANA BATISTA ALMEIDA FERREIRA|1|76|28|2800308|0|0|0|0|0|0|0|0|0|
40|28032837|123178092128||05747404571|1|49200000|PRACA HUMBERTO FERREIRA|121|CASA|CENTRO|28|2802106|
50|28032837|123178092128||5||||||||||||||||||||||0|0|0|0|0|0|0|0|0|0|0|0|0|0|0|0|0|0|0|1|
51|28032837|123178092128||3828731||3|||||||||||||||
51|28032837|123178092128||3829063||3|||||||||||||||
30|28032837|115037703629||JOSENY RUFINA CAETANO|||07/04/1972|2|0|LUZIA RUFINA CAETANO|1|76|28|2802106|0|0|0|0|0|0|0|0|0|
40|28032837|115037703629||69424861591||49200000|RUA ACRISIO ESTEVES DA SILVA|388||ALAGOAS|28|2802106|
50|28032837|115037703629||6|1||142P01||2005|2|398|||||||||||||||1|0|0|0|0|0|1|0|0|0|0|0|0|0|0|0|0|0|0|0|
51|28032837|115037703629||1767406||1|1||||||||||||||
30|28032837|124332304623||MICHELE SOUZA DO NASCIMENTO|MICHELLEKAYSA@HOTMAIL.COM||09/11/1980|2|2|RAIMUNDA RODRIGUES DOS SANTOS SOUZA|1|76|28|2802106|0|0|0|0|0|0|0|0|0|
40|28032837|124332304623||00163131511|2|49230000|POVOADO PICARREIRA|54|||28|2806305|
50|28032837|124332304623||3||||||||||||||||||||||0|0|0|0|1|1|0|0|0|1|0|0|0|0|0|0|0|0|0|0|
51|28032837|124332304623||3828731||3|||||||||||||||
51|28032837|124332304623||3829063||3|||||||||||||||
30|28032837|115170200500||JOSE SILVEIRA LIMA FILHO|||11/11/1968|1|0|RAIMUNDA DE OLIVEIRA LIMA|1|76|28|2803005|0|0|0|0|0|0|0|0|0|
40|28032837|115170200500||69448426615|1|49290000|RUA CLODOALDO ALENCAR|78||CENTRO|28|2803005|
50|28032837|115170200500||6|1||145F18||2005|2|398|||||||||||||||0|0|0|1|0|0|0|0|0|0|0|0|0|0|0|0|0|0|0|1|
51|28032837|115170200500||1762564||1|1|3|5|6|10|11|12|13|26|99|||||
30|28032837|115037598817||CRISTIANA ALVES DOS SANTOS|||28/08/1982|2|0|JOSEFA ALVES DOS SANTOS|1|76|28|2806305|0|0|0|0|0|0|0|0|0|
40|28032837|115037598817||01029097500||49230000|POVOADO IMBE|59||ZONA RURAL|28|2806305|
50|28032837|115037598817||6|1||145F15||2010|2|398|||||||||||||||0|0|0|1|0|0|0|0|0|0|0|0|0|0|0|0|0|0|0|1|
51|28032837|115037598817||1768491||1|1|3|5|6|10|11|12|13|26|99|||||
30|28032837|115037598736||EDVANIA ROCHA DA SILVA|||03/10/1975|2|0|MARIA TELMA ROCHA DA SILVA|1|76|27|2706307|0|0|0|0|0|0|0|0|0|
40|28032837|115037598736||61002348587||49230000|DISTRITO RIACHO DO MARCO|150||ZONA RURAL|28|2806305|
50|28032837|115037598736||6|1||142P01||2009|2|9999999|||||||||||||||0|0|0|1|0|1|0|0|0|0|0|0|0|0|0|0|0|0|0|0|
51|28032837|115037598736||1770406||1|1|3|5|6|10|11|12|13|26|99|||||
30|28032837|124334817911||CLECIA FERREIRA SANTOS|||20/11/1987|2|0|CLEUZONILDE FERREIRA SANTOS|1|76|28|2800407|0|0|0|0|0|0|0|0|0|
40|28032837|124334817911||04208911530|2|49260000|CENTRO HABITACIONAL||||28|2807600|
50|28032837|124334817911||5||||||||||||||||||||||0|0|0|0|0|0|0|0|0|0|0|0|0|0|0|0|0|0|0|1|
51|28032837|124334817911||3546499||3|||||||||||||||
30|28032837|121241053293||CRISTIANE BARBOSA|||27/10/1983|2|3|MARIA JOSE BARBOSA|1|76|29|2914802|0|0|0|0|0|0|0|0|0|
40|28032837|121241053293||01597678570||49230000|POVOADO RIACHO DO MARCO|289|CASA|ZONA RURAL|28|2806305|
50|28032837|121241053293||5||||||||||||||||||||||0|0|0|0|0|0|0|0|0|0|0|0|0|0|0|0|0|0|0|1|
51|28032837|121241053293||3828731||3|||||||||||||||
51|28032837|121241053293||3829063||3|||||||||||||||
30|28032837|115158469708||JOSE SABINO DOS SANTOS|||03/07/1967|1|0|CECILIA ROQUE DOS SANTOS|1|76|28|2806305|0|0|0|0|0|0|0|0|0|
40|28032837|115158469708||88675521553||49230000|MURICI|100||ZONA RURAL|28|2806305|
50|28032837|115158469708||3||||||||||||||||||||||0|0|0|0|0|0|0|0|0|0|0|0|0|0|0|0|0|0|0|1|
51|28032837|115158469708||1771612||1|1|3|5|6|10|11|12|13|26|99|||||
30|28032837|115163898670||EVA VILMA DE JESUS ALVES|||08/11/1971|2|0|MARIA FRANCISCA DE JESUS|1|76|28|2806305|0|0|0|0|0|0|0|0|0|
40|28032837|115163898670||69588147549||49230000|MURICI|50||ZONA RURAL|28|2806305|
50|28032837|115163898670||6|1||145F11||2008|2|398|||||||||||||||0|0|0|1|0|0|0|0|0|0|0|0|0|0|0|0|0|0|0|1|
51|28032837|115163898670||1769202||1|1|3|5|6|10|11|12|13|26|99|||||
30|28032837|124334772390||KLECIANE DOS SANTOS|||11/03/1993|2|0|MARIA DA ANUNCIACAO SANTOS|1|76|28|2802106|0|0|0|0|0|0|0|0|0|
40|28032837|124334772390||05821017513|2|49230000|POVOADO RIACHO DO MARCO||||28|2806305|
50|28032837|124334772390||5||||||||||||||||||||||0|0|0|0|0|0|0|0|0|0|0|0|0|0|0|0|0|0|0|1|
51|28032837|124334772390||3096054||3|||||||||||||||
30|28032837|121685779270||DAMIANA SANTANA PASSOS|||13/11/1955|2|3|JOSEFA BELMIRA PASSOS|1|76|28|2802106|0|0|0|0|0|0|0|0|0|
40|28032837|121685779270||32000243568||49230000|LOTEAMENTO SAO CAETANO RUA F|02|CASA|BOTEQUIM|28|2806305|
50|28032837|121685779270||3||||||||||||||||||||||0|0|0|0|0|0|0|0|0|0|0|0|0|0|0|0|0|0|0|1|
51|28032837|121685779270||1767406||2|||||||||||||||
30|28032837|124334683966||ANILMA INOCENCIO PEREIRA|||09/02/1988|2|3|ANA MARIA INOCENCIO DOS SANTOS|1|76|28|2806305|0|0|0|0|0|0|0|0|0|
40|28032837|124334683966||03723111564|2|49230000|POVOADO RIACHO DO MARCO||||28|2806305|
50|28032837|124334683966||3||||||||||||||||||||||0|0|0|0|0|0|0|0|0|0|0|0|0|0|0|0|0|0|0|1|
51|28032837|124334683966||1762554||1|2|3|5|6|10|11|12|13|26|99|||||
60|28032837|124082499295||MARIA JOSE BARBOSA||29/05/1959|2|0|1|BENIGNA MARIA DE JESUS|RAIMUNDA JOSE BARBOSA|1|76|28|2800407|0|0|0|0|0|0|0|0|0|0|0|0|0|0|0|0|0|0|0|0|0|0|0|0|
70|28032837|124082499295||3243355||10|28||||||||||||||||2|49230000|POVOADO RIACHO DO MARCO||||28|2806305|
80|28032837|124082499295||1762564||30616898|||3|0||0|0|0|0|0|0|0|0|0|0|0||
60|28032837|124051223409||EMERSON JUNIOR DOS SANTOS||07/11/2007|1|0|1|JOCILENE DOS SANTOS|EDSON DOS SANTOS|1|76|28|2803500|0|0|0|0|0|0|0|0|0|0|0|0|0|0|0|0|0|0|0|0|0|0|0|0|
70|28032837|124051223409|||||||1|1|14035|171|A23|29/01/2008|28|2800407|5580||||||2|49230000|POVOADO RIACHO DO MARCO||||28|2806305|
80|28032837|124051223409||1767406||26185840|||3|0||0|0|0|0|0|0|0|0|0|0|0||
60|28032837|123260568254||EVERLLYN VITORIA SANTOS ANDRADE||22/03/2008|2|0|1|DANIELA SANTOS ANDRADE||1|76|28|2802106|0|0|0|0|0|0|0|0|0|0|0|0|0|0|0|0|0|0|0|0|0|0|0|0|
70|28032837|123260568254|||||||1|1|18230|286|A21|11/06/2008|28|2806305|4820||||||2|49230000|POVOADO RIACHO DO MARCO||||28|2806305|
80|28032837|123260568254||1767406||26252525|||3|0||0|0|0|0|0|0|0|0|0|0|0||
60|28032837|123261282656||MARIA PAULA SANTOS DA SILVA||10/12/2007|2|0|1|MARLENE SANTOS DA SILVA|JOSE BENICIO DOS SANTOS|1|76|28|2802106|0|0|0|0|0|0|0|0|0|0|0|0|0|0|0|0|0|0|0|0|0|0|0|0|
70|28032837|123261282656|||||||1|1|18124|180|A21|31/01/2008|28|2806305|4820||||||2|49230000|POVOADO MURICI||||28|2806305|
80|28032837|123261282656||1767406||26240303|||3|1|2|0|0|1|0|0|0|0|0|0|0|0||
60|28032837|121705268039||BRUNO FONTES NUNES||17/06/2005|1|3|1|JOCILENE FONTES DOS SANTOS|JOSE DOMINGOS HENRIQUE NUNES|1|76|35|3518305|0|0|0|0|0|0|0|0|0|0|0|0|0|0|0|0|0|0|0|0|0|0|0|0|
70|28032837|121705268039|||||||1|1|00011625|0173|013|18/06/2005|35|3518305|5999||||||2|49230000|POVOADO RIACHO DO MARCO||||28|2806305|
80|28032837|121705268039||1768491||24408834|||3|0||0|0|0|0|0|0|0|0|0|0|0||
80|28032837|121705268039||3829063||57298753|||3|0||0|0|0|0|0|0|0|0|0|0|0||
60|28032837|121571549063||STEFANE OLIVEIRA DOS SANTOS|16343083236|08/08/2006|2|3|1|TELMA DE OLIVEIRA GONCALVES|MARCOS ANSELMO DOS SANTOS|1|76|28|2802106|0|0|0|0|0|0|0|0|0|0|0|0|0|0|0|0|0|0|0|0|0|0|0|0|
70|28032837|121571549063|||||||1|1|17622|343|19|27/03/2007|||||||||2|49230000|POVOADO MURICI|||ZONA RURAL|28|2806305|
80|28032837|121571549063||1768491||24440914|||3|1|2|0|0|1|0|0|0|0|0|0|0|0||
80|28032837|121571549063||3829063||57301786|||3|1|2|0|0|1|0|0|0|0|0|0|0|0||
60|28032837|119188607932||EMERSON DE JESUS SANTOS|16163994583|03/12/2004|1|3|1|SELMA DA CONCEICAO SANTOS|JOSE DE JESUS SANTOS|1|76|28|2802106|0|0|0|0|0|0|0|0|0|0|0|0|0|0|0|0|0|0|0|0|0|0|0|0|
70|28032837|119188607932|||||||1|1|18744|36|29|10/01/2005|||7177||||||2|49230000|POVOADO RIACHO DO MARCO||||28|2806305|
80|28032837|119188607932||1768491||24391392|||3|0||0|0|0|0|0|0|0|0|0|0|0||
80|28032837|119188607932||3829063||57299857|||3|0||0|0|0|0|0|0|0|0|0|0|0||
60|28032837|120666955564||JOAO VITOR DE JESUS SANTOS|16326712727|06/07/2004|1|3|1|MARIA SAO PEDRO DE JESUS SANTOS||1|76|28|2802106|0|0|0|0|0|0|0|0|0|0|0|0|0|0|0|0|0|0|0|0|0|0|0|0|
70|28032837|120666955564|||||||1|1|17949|5|A21|11/05/2007|28|2806305|4820||||||2|49230000|POVOADO RIACHO DO MARCO||||28|2806305|
80|28032837|120666955564||1768491||24398421|||3|0||0|0|0|0|0|0|0|0|0|0|0||
80|28032837|120666955564||3829063||57300120|||3|0||0|0|0|0|0|0|0|0|0|0|0||
60|28032837|121705268110||BRENO FONTES NUNES||17/06/2005|1|3|1|JOCILENE FONTES DOS SANTOS|JOSE DOMINGOS HENRIQUE NUNES|1|76|35|3518305|0|0|0|0|0|0|0|0|0|0|0|0|0|0|0|0|0|0|0|0|0|0|0|0|
70|28032837|121705268110|||||||1|1|00011626|0174|A013|18/06/2005|35|3518305|5999||||||2|49230000|POVOADO RIACHO DO MARCO||||28|2806305|
80|28032837|121705268110||1768491||24412536|||3|0||0|0|0|0|0|0|0|0|0|0|0||
80|28032837|121705268110||3829063||57298738|||3|0||0|0|0|0|0|0|0|0|0|0|0||
60|28032837|120436652608||CAIQUE DOS ANJOS DE JESUS||09/02/2004|1|0|1|JOCILENE DOS ANJOS DE JESUS||1|76|29|2929701|0|0|0|0|0|0|0|0|0|0|0|0|0|0|0|0|0|0|0|0|0|0|0|0|
70|28032837|120436652608|||||||1|1|18092|86|A 17|15/09/2008|||||||||2|49230000|POVOADO RIACHO DO MARCO|||RURAL|28|2806305|
80|28032837|120436652608||1768491||24396639|||3|0||0|0|0|0|0|0|0|0|0|0|0||
80|28032837|120436652608||3829063||57298770|||3|0||0|0|0|0|0|0|0|0|0|0|0||
60|28032837|121692044744||JESSICA MACEDO DOS SANTOS||11/05/2006|2|3|1|JOSIVANIA MACEDO DOS SANTOS|GENICIO DOS SANTOS|1|76|28|2802106|0|0|0|0|0|0|0|0|0|0|0|0|0|0|0|0|0|0|0|0|0|0|0|0|
70|28032837|121692044744|||||||1|1|17738|459|19|16/08/2006|||||||||2|49230000|POVOADO RIACHO DO MARCO||||28|2806305|
80|28032837|121692044744||1769202||26126169|||3|0||0|0|0|0|0|0|0|0|0|0|0||
80|28032837|121692044744||3829063||57297719|||3|0||0|0|0|0|0|0|0|0|0|0|0||
60|28032837|122782757040||MARCOS DE JESUS|16491434452|01/06/2005|1|3|1|JOSEFA MARIA DE JESUS|JOSE CARLOS DE JESUS|1|76|29|2900702|0|0|0|0|0|0|0|0|0|0|0|0|0|0|0|0|0|0|0|0|0|0|0|0|
70|28032837|122782757040|||||||1|1|13421|231|A45|06/11/2006|29|2900702|573||||||2|49230000|POVOADO RIACHO DO MARCO|SN|CASA|ZONA RURAL|28|2806305|
80|28032837|122782757040||1769202||26108459|||3|0||0|0|0|0|0|0|0|0|0|0|0||
80|28032837|122782757040||3829063||57297755|||3|0||0|0|0|0|0|0|0|0|0|0|0||
60|28032837|119159001665||AGNO DE JESUS SANTOS|21208492006|07/08/2004|1|3|1|ROSIMARE DE JESUS|MARCELO DOS SANTOS|1|76|28|2802106|0|0|0|0|0|0|0|0|0|0|0|0|0|0|0|0|0|0|0|0|0|0|0|0|
70|28032837|119159001665|||||||1|1|17619|340|19|23/03/2006|28|2806305|4820||||||2|49230000|POVOADO RIACHO DO MARCO||||28|2806305|
80|28032837|119159001665||1770406||24095614|||3|0||0|0|0|0|0|0|0|0|0|0|0||
60|28032837|118081257542||JOSE IVAN DE JESUS|16316880740|05/09/2002|1|3|1|JOSEFA MARIA DE JESUS|JOSE CARLOS DE JESUS|1|76|29|2900702|0|0|0|0|0|0|0|0|0|0|0|0|0|0|0|0|0|0|0|0|0|0|0|0|
70|28032837|118081257542|||||||1|1|13420|220|A45|06/11/2006|29|2900702|573||||||2|49230000|POVOADO RIACHO DO MARCO||CASA||28|2806305|
80|28032837|118081257542||1770406||24081607|||3|0||0|0|0|0|0|0|0|0|0|0|0||
60|28032837|119139984108||DAMIANA LILIAM SANTOS VITORINO||05/02/2005|2|3|1|ROSE MARY INOCENCIO DOS SANTOS|LEITON VITORINO DOS SANTOS|1|76|28|2802106|0|0|0|0|0|0|0|0|0|0|0|0|0|0|0|0|0|0|0|0|0|0|0|0|
70|28032837|119139984108|||||||1|1|17442|163|19|06/08/2005|28|2807600|4831||||||2|49230000|POVOADO MURICI||||28|2806305|
80|28032837|119139984108||1770406||24090287|||3|1|2|0|0|1|0|0|0|0|0|0|0|0||
60|28032837|119184118678||RAIRIS SILVA SANTOS|16673975122|21/02/2004|2|3|1|ROSIMEIRE SILVA SANTOS|ADAILTON DOS SANTOS|1|76|28|2802106|0|0|0|0|0|0|0|0|0|0|0|0|0|0|0|0|0|0|0|0|0|0|0|0|
70|28032837|119184118678|||||||1|1|18037|93|21|28/09/2007|28|2806305|4820||||||2|49230000|POVOADO RIACHO DO MARCO||||28|2806305|
80|28032837|119184118678||1771612||24064182|||3|0||0|0|0|0|0|0|0|0|0|0|0||
60|28032837|117810668250||JHONATAN BATISTA SANTOS|16314187711|14/01/2004|1|3|1|CECILIA SILVA SANTOS|JOAO BATISTA DOS SANTOS|1|76|28|2802106|0|0|0|0|0|0|0|0|0|0|0|0|0|0|0|0|0|0|0|0|0|0|0|0|
70|28032837|117810668250|||||||1|1|13315|03|A62|19/04/2004|28|2802106|5876||||||2|49230000|POVOADO RIACHO DO MARCO||||28|2806305|
80|28032837|117810668250||1771612||24066184|||3|1|2|0|0|1|0|0|0|0|0|0|0|0||
60|28032837|112995400408||NATALY MACENA DE LISBOA|16640568250|07/12/2002|2|0|1|MARIA DE LOURDES OLIVEIRA MACENA|DERNIVAL LISBOA DE OLIVEIRA|1|76|35|3518800|0|0|0|0|0|0|0|0|0|0|0|0|0|0|0|0|0|0|0|0|0|0|0|0|
70|28032837|112995400408|||||||1|1|511855|35|899|26/12/2002|35|3518800|7157||||||2|49230000|MURICI|SN||ZONA RURAL|28|2806305|
80|28032837|112995400408||1771626||24044094|||3|1|2|0|0|1|0|0|0|0|0|0|0|0||
80|28032837|112995400408||3828731||57292181|||3|1|2|0|0|1|0|0|0|0|0|0|0|0||
60|28032837|119157398100||DAVID CONCEICAO SANTOS|16170304988|07/05/2003|1|1|1|ELESANDRA CONCEICAO SANTOS|DAMEAO JOSE DOS SANTOS|1|76|28|2802106|0|0|0|0|0|0|0|0|0|0|0|0|0|0|0|0|0|0|0|0|0|0|0|0|
70|28032837|119157398100|||||||1|1|16802|43|18|12/05/2003|28|2806305|4820||||||2|49230000|POVOADO RIACHO DO MARCO||||28|2806305|
80|28032837|119157398100||1771626||24031534|||3|0||0|0|0|0|0|0|0|0|0|0|0||
80|28032837|119157398100||3828731||57291379|||3|0||0|0|0|0|0|0|0|0|0|0|0||
60|28032837|110087739649||LARISSA LILIAN DOS SANTOS VITORINO|16067522773|12/08/1998|2|0|1|ROSE MARY INOCENCIO SANTOS|LEILTON VITORINO DOS SANTOS|1|76|28|2806305|0|0|0|0|0|0|0|0|0|0|0|0|0|0|0|0|0|0|0|0|0|0|0|0|
70|28032837|110087739649|||||||1|1|15169|A15|102|19/11/1999|28|2802908|5882||||16067522773||1|49500000|RUA EDUARDO ALBUQUERQUE|135|CASA||28|2802908|
80|28032837|110087739649||3546499||51327098|||3|0||0|0|0|0|0|0|0|0|0|0|0||
60|28032837|113182220879||ALAN PEREIRA CLEMENTINO DOS SANTOS|20051669999|27/11/1998|1|0|1|MARIA LUZIA PEREIRA RODRIGUES|JOSE CARLOS CLEMENTINO DOS SANTOS|1|76|28|2802106|0|0|0|0|0|0|0|0|0|0|0|0|0|0|0|0|0|0|0|0|0|0|0|0|
70|28032837|113182220879|||||||1|1|15874|247|15|22/01/2001|||||||20051669999||2|49230000|POVOADO MURICI|SN||ZONA RURAL|28|2806305|
80|28032837|113182220879||3546499||52186960|||3|0||0|0|0|0|0|0|0|0|0|0|0||
60|28032837|124081014336||MARIA FRANCISCA DO NASCIMENTO SILVA||03/10/1987|2|0|1|MARIA RAIMUNDA DO NASCIMENTO|JOSE GUIMARAES BARBOSA DA SILVA|1|76|28|2803005|0|0|0|0|0|0|0|0|0|0|0|0|0|0|0|0|0|0|0|0|0|0|0|0|
70|28032837|124081014336||||||||||||||||||||2|2|49230000|POVOADO RIACHO DO MARCO||||28|2806305|
80|28032837|124081014336||1762554||30481673|||3|0||0|0|0|0|0|0|0|0|0|0|0||
60|28032837|122357536208||MARIA JOSE MARTINS||21/06/1959|2|0|1|ANTONIETA PEREIRA MARTINS|FIRMINO PEREIRA|1|76|28|2800407|0|0|0|0|0|0|0|0|0|0|0|0|0|0|0|0|0|0|0|0|0|0|0|0|
70|28032837|122357536208||718192||10|28||1|1|4458|114V|A09|13/10/1999|28|2800407|5580||||||2|49230000|POVOADO RIACHO DO MARCO||||28|2806305|
80|28032837|122357536208||1762554||30483393|||3|0||0|0|0|0|0|0|0|0|0|0|0||
60|28032837|117840041549||HILDETE DA SILVA||02/10/1956|2|0|1|MARIA JOSE DOS SANTOS|JOSE ELISIO DA SILVA|1|76|28|2802809|0|0|0|0|0|0|0|0|0|0|0|0|0|0|0|0|0|0|0|0|0|0|0|0|
70|28032837|117840041549|||||||1|1|1810|46|18|02/10/1956|||||||||2|49230000|POVOADO RIACHO DO MARCO||||28|2806305|
80|28032837|117840041549||1762554||30437754|||3|0||0|0|0|0|0|0|0|0|0|0|0||
60|28032837|113435191103||GERINALDO DE JESUS|16078045505|22/11/1976|1|0|1|JOSEFA MARIA DE JESUS||1|76|28|2803104|0|0|0|0|0|0|0|0|0|0|0|0|0|0|0|0|0|0|0|0|0|0|0|0|
70|28032837|113435191103|||||||1|1|6467|211|68|21/11/1983|||||||16078045505||2|49230000|POVOADO RIACHO DO MARCO||||28|2806305|
80|28032837|113435191103||1762554||30461667|||3|0||0|0|0|0|0|0|0|0|0|0|0||
60|28032837|110932988040||MARIA JOSE SANTOS DA SILVA||13/05/1980|2|0|1|MARIA SANTOS DA SILVA|JOSE DE SOUZA DA SILVA|1|76|29|2929701|0|0|0|0|0|0|0|0|0|0|0|0|0|0|0|0|0|0|0|0|0|0|0|0|
70|28032837|110932988040||1366374002||10|29|10/02/2003|1|1|005833|218|||29|2929701|672||||||2|49230000|POVOADO RIACHO DO MARCO||||28|2806305|
80|28032837|110932988040||1762554||30512382|||3|0||0|0|0|0|0|0|0|0|0|0|0||
60|28032837|115488722881||JOSUE SOUZA SANTOS||18/10/1973|1|0|1|MARIA DO CARMO SOUZA|VIVALDO OLIVEIRA SANTOS|1|76|29|2902104|0|0|0|0|0|0|0|0|0|0|0|0|0|0|0|0|0|0|0|0|0|0|0|0|
70|28032837|115488722881||0757510035||10|29|19/03/1993|||||||||||||||2|49230000|POVOADO RIACHO DO MARCO||||28|2806305|
80|28032837|115488722881||1762564||30535940|||3|0||0|0|0|0|0|0|0|0|0|0|0||
60|28032837|124051702641||MICAEL SANTANA SILVA||02/12/2008|1|0|1|MARTA SILVA SANTANA|MARCOS SILVA DE JESUS|1|76|28|2802106|0|0|0|0|0|0|0|0|0|0|0|0|0|0|0|0|0|0|0|0|0|0|0|0|
70|28032837|124051702641|||||||1|1|18379|135|A22|22/12/2008|28|2806305|4820||||||2|49230000|POVOADO RIACHO DO MARCO||||28|2806305|
80|28032837|124051702641||1767406||26209212|||3|0||0|0|0|0|0|0|0|0|0|0|0||
60|28032837|123255052601||RIAN SANTOS SILVA||08/03/2008|1|0|1|MARIA SAO PEDRO DE JESUS|ROSEVAN SILVA SANTOS|1|76|28|2802106|0|0|0|0|0|0|0|0|0|0|0|0|0|0|0|0|0|0|0|0|0|0|0|0|
70|28032837|123255052601|||||||1|1|18176|232|A21|18/04/2008|28|2806305|4820||||||2|49230000|POVOADO RIACHO DO MARCO||||28|2806305|
80|28032837|123255052601||1767406||26139565|||3|0||0|0|0|0|0|0|0|0|0|0|0||
60|28032837|124050610824||ECLAYN CONCEICAO SANTOS||22/10/2008|1|0|1|ELESANDRA CONCEICAO SANTOS|DAMEAO JOSE DOS SANTOS|1|76|28|2802106|0|0|0|0|0|0|0|0|0|0|0|0|0|0|0|0|0|0|0|0|0|0|0|0|
70|28032837|124050610824|||||||1|1|19379|134|A22|22/12/2008|28|2806305|4820||||||2|49230000|POVOADO RIACHO DO MARCO||||28|2806305|
80|28032837|124050610824||1767406||26147701|||3|0||0|0|0|0|0|0|0|0|0|0|0||
60|28032837|124051128848||MARIA EDUARDA DOS SANTOS ANDRADE||11/02/2009|2|0|1|LINDAURA LUIZ DOS SANTOS|JORGE MONTEIRO ANDRADE|1|76|28|2802106|0|0|0|0|0|0|0|0|0|0|0|0|0|0|0|0|0|0|0|0|0|0|0|0|
70|28032837|124051128848|||||||1|1|18469|225|A22|19/05/2009|28|2806305|4820||||||2|49230000|POVOADO RIACHO DO MARCO||||28|2806305|
80|28032837|124051128848||1767406||26180645|||3|0||0|0|0|0|0|0|0|0|0|0|0||
60|28032837|123257398726||RICHARLYSON BARBOSA DIAS||10/04/2008|1|0|1|HOSANA BARBOSA DIAS|JOSENIAS ANDRADE DIAS|1|76|28|2800308|0|0|0|0|0|0|0|0|0|0|0|0|0|0|0|0|0|0|0|0|0|0|0|0|
70|28032837|123257398726|||||||1|1|18238|294|A21|25/06/2008|28|2806305|4820||||||2|49230000|POVOADO RIACHO DO MARCO||||28|2806305|
80|28032837|123257398726||1767406||26155298|||3|0||0|0|0|0|0|0|0|0|0|0|0||
60|28032837|122353090205||EVELYN DOS SANTOS|21212535466|11/12/2005|2|0|1|PATRICIA DOS SANTOS|GILVAN DE JESUS SANTOS|1|76|28|2802106|0|0|0|0|0|0|0|0|0|0|0|0|0|0|0|0|0|0|0|0|0|0|0|0|
70|28032837|122353090205|||||||1|1|19701|244|30|24/08/2006|28|2806305|4820||||||2|49230000|POVOADO RIACHO DO MARCO||||28|2806305|
80|28032837|122353090205||1768491||24420221|||3|0||0|0|0|0|0|0|0|0|0|0|0||
80|28032837|122353090205||3829063||57299663|||3|0||0|0|0|0|0|0|0|0|0|0|0||
60|28032837|120819013748||CICERA SANTANA DOS SANTOS NETA|16650864057|17/10/2005|2|3|1|MARIA CLARA DE JESUS SANTOS|GERALDO BATISTA DOS SANTOS|1|76|28|2802106|0|0|0|0|0|0|0|0|0|0|0|0|0|0|0|0|0|0|0|0|0|0|0|0|
70|28032837|120819013748|||||||1|1|17618|339|19|23/03/2006|||||||||2|49230000|POVOADO RIACHO DO MARCO||||28|2806305|
80|28032837|120819013748||1768491||24437244|||3|0||0|0|0|0|0|0|0|0|0|0|0||
80|28032837|120819013748||3829063||57299610|||3|0||0|0|0|0|0|0|0|0|0|0|0||
60|28032837|121691704805||ALAN VITOR DE JESUS SANTOS||20/01/2007|1|3|1|NUBIA MARTINS DE JESUS|JOSE ALEX DOS SANTOS|1|76|28|2802106|0|0|0|0|0|0|0|0|0|0|0|0|0|0|0|0|0|0|0|0|0|0|0|0|
70|28032837|121691704805|||||||1|1|18371|127|22|02/12/2008|||||||||2|49230000|POVOADO RIACHO DO MARCO||||28|2806305|
80|28032837|121691704805||1769202||26111327|||3|0||0|0|0|0|0|0|0|0|0|0|0||
80|28032837|121691704805||3829063||57297560|||3|0||0|0|0|0|0|0|0|0|0|0|0||
60|28032837|121571510019||KAWNE MARLANE DAMASCENO SANTOS||21/08/2006|2|3|1|MARIA JOSE SANTOS DAMASCENO|MARCOS DE JESUS SANTOS|1|76|28|2802106|0|0|0|0|0|0|0|0|0|0|0|0|0|0|0|0|0|0|0|0|0|0|0|0|
70|28032837|121571510019|||||||1|1|17901|045|20|26/02/2007|||||||||2|49230000|POVOADO MURICI|||ZONA RURAL|28|2806305|
80|28032837|121571510019||1769202||26118811|||3|1|2|0|0|1|0|0|0|0|0|0|0|0||
80|28032837|121571510019||3829063||57298428|||3|1|2|0|0|1|0|0|0|0|0|0|0|0||
60|28032837|121922148716||DOMINGOS DE JESUS SANTOS|21213090247|28/11/2004|1|0|1|ROSIVANIA SANTOS DE JESUS|RAIMUNDO PAIXAO SANTANA|1|76|28|2803005|0|0|0|0|0|0|0|0|0|0|0|0|0|0|0|0|0|0|0|0|0|0|0|0|
70|28032837|121922148716|||||||1|1|31771|165|A46|13/09/2005|||7177||||||2|49230000|POVOADO RIACHO DO MARCO|||MANOEL JOAQUIM|28|2806305|
80|28032837|121922148716||1770406||24088003|||3|0||0|0|0|0|0|0|0|0|0|0|0||
60|28032837|110129807663||JOSE MARTINS FRANCISCO DOS SANTOS|16295433511|29/09/2002|1|3|1|MARIA MARTINS DOS SANTOS|GIVALDO FRANCISCO DOS SANTOS|1|76|28|2802106|0|0|0|0|0|0|0|0|0|0|0|0|0|0|0|0|0|0|0|0|0|0|0|0|
70|28032837|110129807663|||||||1|1|10200|289|43|25/11/2003|||||||16295433511||2|49230000|RIACHO DO MARCO|||ZONA RURAL|28|2806305|
80|28032837|110129807663||1771626||24020354|||3|0||0|0|0|0|0|0|0|0|0|0|0||
80|28032837|110129807663||3828731||57291963|||3|0||0|0|0|0|0|0|0|0|0|0|0||
60|28032837|114560382815||ANDERSON DOS SANTOS|16047053743|09/07/2001|1|0|1|RAIMUNDA DOS SANTOS|JOSE VALTER DOS SANTOS|1|76|28|2802106|0|0|0|0|0|0|0|0|0|0|0|0|0|0|0|0|0|0|0|0|0|0|0|0|
70|28032837|114560382815|||||||1|1|12414|218|18|24/09/2001|||||||16047053743||2|49230000|DISTRITO RIACHO DO MARCO|||ZONA RURAL|28|2806305|
80|28032837|114560382815||1771626||24050546|||3|0||0|0|0|0|0|0|0|0|0|0|0||
80|28032837|114560382815||3828731||57291306|||3|0||0|0|0|0|0|0|0|0|0|0|0||
60|28032837|112427403686||FERNANDO SANTOS PAIXAO|16302391203|16/03/2002|1|0|1|LUCIENE DE JESUS SANTOS|ADEILSON FREIRE DA PAIXAO|1|76|28|2802106|0|0|0|0|0|0|0|0|0|0|0|0|0|0|0|0|0|0|0|0|0|0|0|0|
70|28032837|112427403686|||||||1|1|16896|137|18|13/10/2003|||||||16302391203||2|49230000|DISTRITO POVOADO RIACHO DO MARCO|||ZONA RURAL|28|2806305|
80|28032837|112427403686||1771626||24036026|||3|0||0|0|0|0|0|0|0|0|0|0|0||
80|28032837|112427403686||3828731||57291757|||3|0||0|0|0|0|0|0|0|0|0|0|0||
60|28032837|114409434518||DAVI DOS SANTOS SOUZA|20754145403|26/03/2000|1|0|1|MARIA ROBELIA PEREIRA DOS SANTOS|DOMINGOS SANTOS SOUZA|1|76|28|2802106|0|0|0|0|0|0|0|0|0|0|0|0|0|0|0|0|0|0|0|0|0|0|0|0|
70|28032837|114409434518|||||||1|1|16126|133|22|25/09/2000|||||||20754145403||2|49230000|RIACHO DO MARCO|||ZONA RUIRAL|28|2806305|
80|28032837|114409434518||3096054||55529452|||3|0||0|0|0|0|0|0|0|0|0|0|0||
60|28032837|113977618228||VALERIA SILVA VITURINO|20754141351|31/10/2001|2|0|1|EDJANE SILVA DE JESUS SANTOS|JOSE WILSON VITURINO DOS SANTOS|1|76|28|2806305|0|0|0|0|0|0|0|0|0|0|0|0|0|0|0|0|0|0|0|0|0|0|0|0|
70|28032837|113977618228|||||||1|1|16193|290|A-16|23/11/2001|28|2806305|4820||||20754141351||2|49230000|POVOADO RIACHO DO MARCO|||ZONA RURAL|28|2806305|
80|28032837|113977618228||3096054||55535620|||3|0||0|0|0|0|0|0|0|0|0|0|0||
60|28032837|112578235405||TAINARA SILVA SANTOS|20051670180|14/01/2001|2|0|1|MARIA NELIA SANTOS DOREA|NIVALDO SILVA DOS SANTOS|1|76|28|2802106|0|0|0|0|0|0|0|0|0|0|0|0|0|0|0|0|0|0|0|0|0|0|0|0|
70|28032837|112578235405|||||||1|1|16334|331|16|07/12/2001|||||||20754141343||2|49230000|MURICI|||ZONA RURAL|28|2806305|
80|28032837|112578235405||3546499||51333894|||3|0||0|0|0|0|0|0|0|0|0|0|0||
60|28032837|110957150384||JAQUELINE SANTOS DE OLIVEIRA|20051687911|01/06/1998|2|0|1|MARIA CONCEICAO SANTOS|RAIMUNDO SANTOS DE OLIVEIRA|1|76|28|2802106|0|0|0|0|0|0|0|0|0|0|0|0|0|0|0|0|0|0|0|0|0|0|0|0|
70|28032837|110957150384|||||||1|1|14283|180|14|09/09/1998|||||||||2|49230000|MURICI|S/N||ZONA RURAL|28|2806305|
80|28032837|110957150384||3546499||51327023|||3|0||0|0|0|0|0|0|0|0|0|0|0||
60|28032837|124080534476||MARIA RAIMUNDA BARBOSA NASCIMENTO||20/05/1972|2|0|1|JOSEFA MARIA DE JESUS|JOSE BARBOSA DO NASCIMENTO|1|76|28|2805802|0|0|0|0|0|0|0|0|0|0|0|0|0|0|0|0|0|0|0|0|0|0|0|0|
70|28032837|124080534476||1508029||10|28||||||||||||||||2|49230000|POVOADO RIACHO DO MARCO||||28|2806305|
80|28032837|124080534476||1762554||30431221|||3|0||0|0|0|0|0|0|0|0|0|0|0||
60|28032837|120819148163||LEA DOS SANTOS||17/05/1983|2|3|1|MARINALVA DOS SANTOS||1|76|28|2803005|0|0|0|0|0|0|0|0|0|0|0|0|0|0|0|0|0|0|0|0|0|0|0|0|
70|28032837|120819148163|||||||1|1|4767|087|15|17/05/1983|||||||||2|49230000|POVOADO RIACHO DO MARCO||||28|2806305|
80|28032837|120819148163||1762554||30466744|||3|0||0|0|0|0|0|0|0|0|0|0|0||
60|28032837|119192623939||SONIA MARIA SOUZA||15/02/1967|2|3|1|MARIA VITORIA SANTOS|AVELINO HENRIQUE SOUZA|1|76|29|2915502|0|0|0|0|0|0|0|0|0|0|0|0|0|0|0|0|0|0|0|0|0|0|0|0|
70|28032837|119192623939|||||||1|1|6907|262|36|15/02/1967|||||||||2|49230000|POVOADO RIACHO DO MARCO||||28|2806305|
80|28032837|119192623939||1762554||30516541|||3|0||0|0|0|0|0|0|0|0|0|0|0||
60|28032837|119782761418||JOCILENE DOS ANJOS DE JESUS||19/06/1979|2|0|1|MARIA HILDA DOS ANJOS DE JESUS||1|76|28|2806305|0|0|0|0|0|0|0|0|0|0|0|0|0|0|0|0|0|0|0|0|0|0|0|0|
70|28032837|119782761418||1479415||10|29|06/07/1996|||||||||||||||2|49230000|POVOADO RIACHO DO MARCO|||RURAL|28|2806305|
80|28032837|119782761418||1762564||30681677|||3|0||0|0|0|0|0|0|0|0|0|0|0||
60|28032837|114006335597||RENILTON SANTOS DA SILVA|20607955559|07/05/1992|1|0|1|MARIA SANTOS DA SILVA|JOSE DE SOUZA DA SILVA|1|76|29|2929701|0|0|0|0|0|0|0|0|0|0|0|0|0|0|0|0|0|0|0|0|0|0|0|0|
70|28032837|114006335597|||||||1|1|11928|43|A12|18/02/1993|29|2929701|672||||20194972520||2|49230000|POVOADO RIACHO DO MARCO||||28|2806305|
80|28032837|114006335597||1762564||30577742|||3|0||0|0|0|0|0|0|0|0|0|0|0||
60|28032837|116743111170||JOSE SERGIO DE JESUS||14/10/1983|1|3|1|JOSEFA MARIA DE JESUS||1|76|29|2928059|0|0|0|0|0|0|0|0|0|0|0|0|0|0|0|0|0|0|0|0|0|0|0|0|
70|28032837|116743111170||30584205||10|28|13/06/1998|||||||||||||||2|49230000|POVOADO RIACHO DO MARCO|S/N|||28|2806305|
80|28032837|116743111170||1762564||30648544|||3|0||0|0|0|0|0|0|0|0|0|0|0||
60|28032837|124081473527||ROSEVAN SILVA SANTOS||06/08/1982|1|0|1|ALICE SANTANA DA SILVA|JOSE ALVES DOS SANTOS|1|76|29|2914000|0|0|0|0|0|0|0|0|0|0|0|0|0|0|0|0|0|0|0|0|0|0|0|0|
70|28032837|124081473527||30608309||10|28||||||||||||||||2|49230000|POVOADO RIACHO DO MARCO||||28|2806305|
80|28032837|124081473527||1762564||30527441|||3|0||0|0|0|0|0|0|0|0|0|0|0||
60|28032837|123257694457||ROBERTO NUNES SANTOS NETO||25/12/2007|1|0|1|DANIELE DE SOUZA SANTOS|JOAO GALDINO NUNES|1|76|28|2806305|0|0|0|0|0|0|0|0|0|0|0|0|0|0|0|0|0|0|0|0|0|0|0|0|
70|28032837|123257694457|||||||1|1|18109|165|A21|25/12/2007|28|2806305|4820||||||2|49230000|POVOADO RIACHO DO MARCO||||28|2806305|
80|28032837|123257694457||1767406||26161305|||3|1|2|0|0|1|0|0|0|0|0|0|0|0||
60|28032837|123257577574||CLEITON DE OLIVEIRA XAVIER NASCIMENTO||12/02/2008|1|0|1|ELIENE DE OLIVEIRA GONCALVES|FRANCISCO XAVIER DO NASCIMENTO|1|76|28|2802106|0|0|0|0|0|0|0|0|0|0|0|0|0|0|0|0|0|0|0|0|0|0|0|0|
70|28032837|123257577574|||||||1|1|18247|A22|3|12/02/2008|28|2806305|4820||||||2|49230000|POVOADO RIACHO DO MARCO||||28|2806305|
80|28032837|123257577574||1767406||26138342|||3|0||0|0|0|0|0|0|0|0|0|0|0||
60|28032837|120819034907||JOSE VICENTE GUALBERTO DIAS NETO||26/08/2005|1|1|1|HOSANIA BARBOSA DIAS|JOSENIAS ANDRADE DIAS|1|76|28|2802106|0|0|0|0|0|0|0|0|0|0|0|0|0|0|0|0|0|0|0|0|0|0|0|0|
70|28032837|120819034907|||||||1|1|17447|168|19|31/08/2005|28|2806305|4820||||||2|49230000|POVOADO RIACHO DO MARCO||||28|2806305|
80|28032837|120819034907||1768491||24435237|||3|0||0|0|0|0|0|0|0|0|0|0|0||
80|28032837|120819034907||3829063||57300916|||3|0||0|0|0|0|0|0|0|0|0|0|0||
60|28032837|120819027102||JEFERSON DOS SANTOS AVELINO|16327653074|19/12/2005|1|3|1|VANILDE DOS SANTOS|JOSE ARNALDO AVELINO SANTOS|1|76|28|2802106|0|0|0|0|0|0|0|0|0|0|0|0|0|0|0|0|0|0|0|0|0|0|0|0|
70|28032837|120819027102|||||||1|1|17605|326|19|26/03/2006|||||||||2|49230000|POVOADO RIACHO DO MARCO||||28|2806305|
80|28032837|120819027102||1768491||24436049|||3|0||0|0|0|0|0|0|0|0|0|0|0||
80|28032837|120819027102||3829063||57299704|||3|0||0|0|0|0|0|0|0|0|0|0|0||
60|28032837|119139640271||JAMILI DOS SANTOS MACENA|16297863424|10/04/2005|2|3|1|MARIA GILCICLEIDE DOS SANTOS|JOSEVAL MANOEL DE OLIVEIRA MACENA|1|76|28|2802106|0|0|0|0|0|0|0|0|0|0|0|0|0|0|0|0|0|0|0|0|0|0|0|0|
70|28032837|119139640271|||||||1|1|17524|247|A19|30/11/2005|28|2807600|4831||||||2|49230000|POVOADO MURICI||||28|2806305|
80|28032837|119139640271||1770406||24088325|||3|1|2|0|0|1|0|0|0|0|0|0|0|0||
60|28032837|121571577946||COSMEA LIVIA SANTOS VITORINO||21/08/2006|2|3|1|ROSE MARY INOCENCIO DOS SANTOS|LEITON VITORINO DOS SANTOS|1|76|28|2802106|0|0|0|0|0|0|0|0|0|0|0|0|0|0|0|0|0|0|0|0|0|0|0|0|
70|28032837|121571577946|||||||1|1|17441|162|A19|26/08/2007|28|2807600|4831||||||2|49230000|POVOADO MURICI|||ZONA RURAL|28|2806305|
80|28032837|121571577946||1770406||24091536|||3|1|2|0|0|1|0|0|0|0|0|0|0|0||
60|28032837|119188416835||JOSE ANDERSON SANTOS DA SILVA|16292979769|21/10/2003|1|3|1|MARIA JOSE BERNARDO DOS SANTOS|ANTONIO FLORENCIO DA SILVA|1|76|28|2800670|0|0|0|0|0|0|0|0|0|0|0|0|0|0|0|0|0|0|0|0|0|0|0|0|
70|28032837|119188416835|||||||1|1|30405|128|25|09/12/2003|||||||||2|49230000|POVOADO RIACHO DO MARCO||||28|2806305|
80|28032837|119188416835||1771612||24062447|||3|0||0|0|0|0|0|0|0|0|0|0|0||
80|28032837|119188416835||3828731||57290854|||3|0||0|0|0|0|0|0|0|0|0|0|0||
60|28032837|120819055157||ANALYCIA DE JESUS SANTOS||04/05/2003|2|3|1|MARIA BOMFIM DE JESUS|JOSE DOS SANTOS|1|76|28|2801702|0|0|0|0|0|0|0|0|0|0|0|0|0|0|0|0|0|0|0|0|0|0|0|0|
70|28032837|120819055157|||||||1|1|14437|007|33|04/02/2004|28|2801702|5590||||||2|49230000|POVOADO RIACHO DO MARCO||||28|2806305|
80|28032837|120819055157||1771612||24067298|||3|0||0|0|0|0|0|0|0|0|0|0|0||
60|28032837|120819098808||LAURA MELO DOS SANTOS||29/01/2002|2|1|1|COSMIRA DE JESUS SANTOS|JOSE IRINEU MELO DOS SANTOS|1|76|28|2800670|0|0|0|0|0|0|0|0|0|0|0|0|0|0|0|0|0|0|0|0|0|0|0|0|
70|28032837|120819098808|||||||1|1|17244|50|25|22/04/2002|28|2800670|7147||||||2|49230000|POVOADO RIACHO DO MARCO||||28|2806305|
80|28032837|120819098808||1771626||24036741|||3|0||0|0|0|0|0|0|0|0|0|0|0||
80|28032837|120819098808||3828731||57292636|||3|0||0|0|0|0|0|0|0|0|0|0|0||
60|28032837|111789947404||CRISCIANE VITORIA BARBOSA SANTOS|20482024253|18/01/2003|2|0|1|CRISTIANE BARBOSA|VALDEMILTON FERREIRA DOS SANTOS|1|76|28|2800308|0|0|0|0|0|0|0|0|0|0|0|0|0|0|0|0|0|0|0|0|0|0|0|0|
70|28032837|111789947404|||||||1|1|17684|46|27|25/02/2003|||||||20482024253||2|49230000|RIACHO DO MARCO|||ZONA RURAL|28|2806305|
80|28032837|111789947404||1771626||24030542|||3|0||0|0|0|0|0|0|0|0|0|0|0||
80|28032837|111789947404||3828731||57291849|||3|0||0|0|0|0|0|0|0|0|0|0|0||
60|28032837|113635010897||MAYCON JHONATA DOREA SANTOS|20623483143|10/08/2001|1|0|1|JAKELINE SANTOS DOREA|MARCOS DE JESUS SANTOS|1|76|28|2802106|0|0|0|0|0|0|0|0|0|0|0|0|0|0|0|0|0|0|0|0|0|0|0|0|
70|28032837|113635010897|||||||1|1|16108|205|16|23/10/2001|||||||20477750596||2|49230000|POVOADO MURICI|SN||ZONA RURAL|28|2806305|
80|28032837|113635010897||3546499||52179384|||3|0||0|0|0|0|0|0|0|0|0|0|0||
60|28032837|124080338294||MARIA SAO PEDRO DE JESUS SANTOS||29/06/1985|2|0|1|VALDELICE DE JESUS|JOSE AUGUSTO CONCEICAO SANTOS|1|76|28|2806305|0|0|0|0|0|0|0|0|0|0|0|0|0|0|0|0|0|0|0|0|0|0|0|0|
70|28032837|124080338294||20471173||10|28||||||||||||||||2|49230000|POVOADO RIACHO DO MARCO||||28|2806305|
80|28032837|124080338294||1762554||30406014|||3|0||0|0|0|0|0|0|0|0|0|0|0||
60|28032837|120819166900||ROSELIO SILVA SANTOS||26/04/1984|1|1|1|ALICE SANTANA DA SILVA|JOSE ALVES DOS SANTOS|1|76|29|2910800|0|0|0|0|0|0|0|0|0|0|0|0|0|0|0|0|0|0|0|0|0|0|0|0|
70|28032837|120819166900||33137404||10|28|07/05/2004|||||||||||||||2|49230000|POVOADO RIACHO DO MARCO||||28|2806305|
80|28032837|120819166900||1762564||30561266|||3|0||0|0|0|0|0|0|0|0|0|0|0||
60|28032837|123252055685||EMELY KAUANE SILVA DE JESUS||22/12/2007|2|0|1|JOSEFA SANTOS SILVA|REMERSON SANTOS SILVA|1|76|28|2802106|0|0|0|0|0|0|0|0|0|0|0|0|0|0|0|0|0|0|0|0|0|0|0|0|
70|28032837|123252055685|||||||1|1|20564|A34|40|17/03/2008|28|2807600|4831||||||2|49230000|POVOADO RIACHO DO MARCO||||28|2806305|
80|28032837|123252055685||1767406||26153159|||3|0||0|0|0|0|0|0|0|0|0|0|0||
60|28032837|123348043980||ITALO SANTOS DA SILVA||11/07/2007|1|3|1|ANA CARLA DE JESUS SANTOS|JARIO ROSA DA SILVA|1|76|52|5212501|0|0|0|0|0|0|0|0|0|0|0|0|0|0|0|0|0|0|0|0|0|0|0|0|
70|28032837|123348043980|||||||1|1|90441|112|141|26/07/2007|52|5212501|1690||||||2|49230000|POVOADO RIACHO DO MARCO||||28|2806305|
80|28032837|123348043980||1767406||26192882|||3|0||0|0|0|0|0|0|0|0|0|0|0||
60|28032837|122353332063||LAILLA RAIANY SILVA DE JESUS||19/07/2007|2|0|1|MARIA JOSE SANTOS DA SILVA|GERINALDO DE JESUS|1|76|29|2929701|0|0|0|0|0|0|0|0|0|0|0|0|0|0|0|0|0|0|0|0|0|0|0|0|
70|28032837|122353332063|||||||1|1|17846|24|17|19/07/2007|28|2806305|4820||||||2|49230000|POVOADO RIACHO DO MARCO||||28|2806305|
80|28032837|122353332063||1767406||26150777|||3|0||0|0|0|0|0|0|0|0|0|0|0||
60|28032837|124052384546||DOMINGOS THIAGO REIS SANTOS||11/01/2009|1|0|1|SUELI REIS DOS SANTOS|ZENILTON DOS SANTOS|1|76|28|2802106|0|0|0|0|0|0|0|0|0|0|0|0|0|0|0|0|0|0|0|0|0|0|0|0|
70|28032837|124052384546|||||||1|1|18438|194|A22|20/04/2009|28|2806305|4820||||||2|49230000|POVOADO RIACHO DO MARCO||||28|2806305|
80|28032837|124052384546||1767406||26259165|||3|0||0|0|0|0|0|0|0|0|0|0|0||
60|28032837|119184238908||LEANDRO BARBOSA DOS SANTOS|16475867846|24/02/2005|1|3|1|MEIRES SOUZA BARBOSA|ADENILSON ROSA DOS SANTOS|1|76|28|2802106|0|0|0|0|0|0|0|0|0|0|0|0|0|0|0|0|0|0|0|0|0|0|0|0|
70|28032837|119184238908|||||||1|1|17296|17|19|11/04/2005|28|2806305|4820||||||2|49230000|POVOADO RIACHO DO MARCO||||28|2806305|
80|28032837|119184238908||1768491||24393122|||3|0||0|0|0|0|0|0|0|0|0|0|0||
80|28032837|119184238908||3829063||57300927|||3|0||0|0|0|0|0|0|0|0|0|0|0||
60|28032837|120825407230||JOAO ANTONIO RODRIGUES SANTOS|16290884965|22/04/2005|1|3|1|JIVANILDES RODRIGUES DOS SANTOS|ANTONIO DE OLIVEIRA SANTOS FILHO|1|76|28|2802106|0|0|0|0|0|0|0|0|0|0|0|0|0|0|0|0|0|0|0|0|0|0|0|0|
70|28032837|120825407230|||||||1|1|14814|02|67|27/07/2005|28|2802106|5876||||||2|49230000|POVOADO MURICI||||28|2806305|
80|28032837|120825407230||1768491||24442334|||3|1|2|0|0|1|0|0|0|0|0|0|0|0||
80|28032837|120825407230||3829063||57299955|||3|1|2|0|0|1|0|0|0|0|0|0|0|0||
60|28032837|121692208011||MATHEUS ANDRADE SILVA|16477247640|11/12/2005|1|3|1|MARIA SIMOES ANDRADE DOS REIS SILVA|JOSE DOMINGOS BARRETO SILVA|1|76|28|2802106|0|0|0|0|0|0|0|0|0|0|0|0|0|0|0|0|0|0|0|0|0|0|0|0|
70|28032837|121692208011|||||||1|1|13606|42|22|19/12/2005|||||||||2|49230000|POVOADO RIACHO DO MARCO||||28|2806305|
80|28032837|121692208011||1768491||24440015|||3|0||0|0|0|0|0|0|0|0|0|0|0||
80|28032837|121692208011||3829063||57301602|||3|0||0|0|0|0|0|0|0|0|0|0|0||
60|28032837|121571293832||MIRELLI NASCIMENTO SEVERINO||07/08/2006|2|3|1|ERISVALDA FELIX DE SANTANA NASCIMENTO|JOSE MARIA SEVERINO|1|76|28|2802106|0|0|0|0|0|0|0|0|0|0|0|0|0|0|0|0|0|0|0|0|0|0|0|0|
70|28032837|121571293832|||||||1|1|16689|73|77|20/09/2007|||||||||2|49230000|POVOADO MURICI|||ZONA RURAL|28|2806305|
80|28032837|121571293832||1769202||26113584|||3|1|2|0|0|1|0|0|0|0|0|0|0|0||
80|28032837|121571293832||3829063||57298666|||3|1|2|0|0|1|0|0|0|0|0|0|0|0||
60|28032837|116503397479||WIDJA DE OLIVEIRA|16672350587|27/09/2003|2|3|1|SONIA DE OLIVEIRA||1|76|28|2802106|0|0|0|0|0|0|0|0|0|0|0|0|0|0|0|0|0|0|0|0|0|0|0|0|
70|28032837|116503397479|||||||1|1|19419|103|30|14/02/2006|||7177||||||2|49230000|POV. RIACHO DO MARCO||||28|2806305|
80|28032837|116503397479||1770406||24074432|||3|0||0|0|0|0|0|0|0|0|0|0|0||
60|28032837|119188702684||IASMIM DE SOUZA SILVA|16295671684|02/06/2004|2|3|1|MARIA IRANI DE SOUZA|JOSE RAIMUNDO RODRIGUES DA SILVA|1|76|28|2802106|0|0|0|0|0|0|0|0|0|0|0|0|0|0|0|0|0|0|0|0|0|0|0|0|
70|28032837|119188702684|||||||1|1|18450|159|28|14/06/2004|||||||||2|49230000|POVOADO RIACHO DO MARCO||||28|2806305|
80|28032837|119188702684||1770406||24096854|||3|0||0|0|0|0|0|0|0|0|0|0|0||
60|28032837|120855194072||LUIS FERNANDO DE SOUZA MENDES|16475479110|13/11/2004|1|0|1|ROSIMEIRE DE SOUZA BARETO|MARCELO BATISTA MENDES|1|76|28|2802106|0|0|0|0|0|0|0|0|0|0|0|0|0|0|0|0|0|0|0|0|0|0|0|0|
70|28032837|120855194072|||||||1|1|15115|03|A68|29/05/2006|28|2802106|12578||||||2|49230000|POVOADO RIACHO DO MARCO||||28|2806305|
80|28032837|120855194072||1770406||24170795|||3|0||0|0|0|0|0|0|0|0|0|0|0||
60|28032837|114677888565||STEFANE DE JESUS SANTOS|16305825085|20/06/2003|2|3|1|ROSIMARE DE JESUS|MARCELO DOS SANTOS|1|76|28|2802106|0|0|0|0|0|0|0|0|0|0|0|0|0|0|0|0|0|0|0|0|0|0|0|0|
70|28032837|114677888565|||||||1|1|17257|500|18|25/01/2005|||||||16305825085||2|49230000|POVOADO RIACHO DO MARCO|||ZONA RUARAL|28|2806305|
80|28032837|114677888565||1771626||23990842|||3|0||0|0|0|0|0|0|0|0|0|0|0||
80|28032837|114677888565||3828731||57293619|||3|0||0|0|0|0|0|0|0|0|0|0|0||
60|28032837|124080768469||ROSEANE DA SILVA NASCIMENTO BARBOSA||18/12/1976|2|0|1|BERENICE DA SILVA NASCIMENTO|ANTONIO DE JESUS NASCIMENTO|1|76|29|2913903|0|0|0|0|0|0|0|0|0|0|0|0|0|0|0|0|0|0|0|0|0|0|0|0|
70|28032837|124080768469||343609411||10|29||||||||||||||||2|49230000|POVOADO RIACHO DO MARCO||||28|2806305|
80|28032837|124080768469||1762554||30454392|||3|0||0|0|0|0|0|0|0|0|0|0|0||
60|28032837|124083078056||EDJANE SILVA DE JESUS SANTOS||08/09/1971|2|0|1|MARIA LUCIA DE JESUS|JOSE DOMINGOS DA SILVA|1|76|28|2806305|0|0|0|0|0|0|0|0|0|0|0|0|0|0|0|0|0|0|0|0|0|0|0|0|
70|28032837|124083078056||1261205||10|28||||||||||||||||2|49230000|POVOADO RIACHO DO MARCO||||28|2806305|
80|28032837|124083078056||1762564||30665623|||3|0||0|0|0|0|0|0|0|0|0|0|0||
60|28032837|117844291710||ROSIMEIRE SILVA SANTOS||27/01/1980|2|2|1|ALICE SANTANA DA SILVA|JOSE ALVES DOS SANTOS|1|76|29|2910800|0|0|0|0|0|0|0|0|0|0|0|0|0|0|0|0|0|0|0|0|0|0|0|0|
70|28032837|117844291710|||||||1|1|48976|239|41|27/01/1980|||||||||2|49230000|POVOADO RIACHO DO MARCO||||28|2806305|
80|28032837|117844291710||1762564||30573306|||3|0||0|0|0|0|0|0|0|0|0|0|0||
60|28032837|123260415180||ANTONY ROCHA DE SOUZA||26/11/2007|1|0|1|EDIVANIA ROCHA DA SILVA|IVANILTON DE SOUZA|1|76|28|2802106|0|0|0|0|0|0|0|0|0|0|0|0|0|0|0|0|0|0|0|0|0|0|0|0|
70|28032837|123260415180|||||||1|1|18399|155|A22||28|2806305|4820||||||2|49230000|POVOADO RIACHO DO MARCO||||28|2806305|
80|28032837|123260415180||1767406||26235307|||3|0||0|0|0|0|0|0|0|0|0|0|0||
60|28032837|124051603660||CLEAN DOS SANTOS DA SILVA||18/11/2008|1|0|1|CLAUDINETE DOS SANTOS|ISMAEL ALVES DA SILVA|1|76|28|2802106|0|0|0|0|0|0|0|0|0|0|0|0|0|0|0|0|0|0|0|0|0|0|0|0|
70|28032837|124051603660|||||||1|1|20972|151|A35|15/12/2008|28|2807600|4831||||||2|49230000|POVOADO RIACHO DO MARCO||||28|2806305|
80|28032837|124051603660||1767406||26204227|||3|0||0|0|0|0|0|0|0|0|0|0|0||
60|28032837|123261502443||ITALO VITORINO SANTOS SILVA||26/01/2006|1|0|1|EDIVANIA CALAZANS DOS SANTOS||1|76|28|2803500|0|0|0|0|0|0|0|0|0|0|0|0|0|0|0|0|0|0|0|0|0|0|0|0|
70|28032837|123261502443|||||||1|1|65189|172|A93|21/02/2006|||7177||||||2|49230000|POVOADO RIACHO DO MARCO||||28|2806305|
80|28032837|123261502443||1768491||24441720|||3|0||0|0|0|0|0|0|0|0|0|0|0||
80|28032837|123261502443||3829063||57298985|||3|0||0|0|0|0|0|0|0|0|0|0|0||
60|28032837|112922364002||GERALDO BATISTA DOS SANTOS JUNIOR|16291146151|23/05/2003|1|3|1|MARIA CLARA DE JESUS SANTOS|GERALDO BATISTA DOS SANTOS|1|76|28|2802106|1|0|0|0|0|0|0|1|0|0|0|0|0|0|0|0|0|0|0|0|0|0|0|1|
70|28032837|112922364002|||||||1|1|16983|224|18|18/02/2004|28|2806305|4820||||20482024318||2|49230000|RIACHO DO MARCO|||ZONA RURAL|28|2806305|
80|28032837|112922364002||1768491||24185992|||3|0||0|0|0|0|0|0|0|0|0|0|0||
80|28032837|112922364002||3829063||57299900|||3|0||0|0|0|0|0|0|0|0|0|0|0||
60|28032837|122289850232||LEILIANE SANTOS DE SOUZA||05/10/2005|2|3|1|LENILZA ANSELMO REIS SANTOS|JOSE DOMINGOS DE SOUZA|1|76|28|2802106|0|0|0|0|0|0|0|0|0|0|0|0|0|0|0|0|0|0|0|0|0|0|0|0|
70|28032837|122289850232|||||||1|1|17600|321|A19|03/03/2006|28|2806305|4820||||||2|49230000|POVOADO RIACHO DO MARCO||||28|2806305|
80|28032837|122289850232||1768491||24416928|||3|0||0|0|0|0|0|0|0|0|0|0|0||
80|28032837|122289850232||3829063||57300163|||3|0||0|0|0|0|0|0|0|0|0|0|0||
60|28032837|119188395579||NATHAN KAYKE MONTEIRO HUNGRIA||25/05/2004|1|4|1|JOSINEIDE DE JESUS HUNGRIA|JOSE MONTEIRO DE FARIAS|1|76|28|2802106|0|0|0|0|0|0|0|0|0|0|0|0|0|0|0|0|0|0|0|0|0|0|0|0|
70|28032837|119188395579|||||||1|1|17124|364|18|10/08/2004|28|2806305|4820||||||2|49230000|POVOADO RIACHO DO MARCO||||28|2806305|
80|28032837|119188395579||1770406||24098247|||3|0||0|0|0|0|0|0|0|0|0|0|0||
60|28032837|119138314184||ALEXANDRE LUIZ DOS SANTOS|16168495089|28/11/2002|1|3|1|JOSEFA GUALBERTO DOS SANTOS|JOSE LUIZ DOS SANTOS|1|76|28|2800670|0|0|0|0|0|0|0|0|0|0|0|0|0|0|0|0|0|0|0|0|0|0|0|0|
70|28032837|119138314184|||||||1|1|13046|282|20|23/08/2004|||||||||2|49230000|POVOADO MURICI||||28|2806305|
80|28032837|119138314184||1770406||24071614|||3|1|2|0|0|1|0|0|0|0|0|0|0|0||
60|28032837|110178726000||EDENILTON PEREIRA DOS SANTOS|20194972369|16/12/1999|1|0|1|MARIA APARECIDA PEREIRA DOS SANTOS||1|76|28|2802106|0|0|0|0|0|0|0|0|0|0|0|0|0|0|0|0|0|0|0|0|0|0|0|0|
70|28032837|110178726000|||||||1|1|9309|197|A48|25/07/2001|28|2802106|5876||||20194972369||2|49230000|POVOADO RIACHO DO MARCO|||ZONA RURAL|28|2806305|
80|28032837|110178726000||1771612||24065701|||3|0||0|0|0|0|0|0|0|0|0|0|0||
60|28032837|116544266280||IJARISSON SANTOS DA SILVA|16280164706|19/12/2003|1|3|1|ANA CARLA DE JESUS SANTOS|IJARIO ROSA DA SILVA|1|76|28|2802106|0|0|0|0|0|0|0|0|0|0|0|0|0|0|0|0|0|0|0|0|0|0|0|0|
70|28032837|116544266280|||||||1|1|16979|220|A-18|09/02/2004|28|2806305|4820||||||2|49230000|POVOADO RIACHO DO MARCO||||28|2806305|
80|28032837|116544266280||1771612||24054863|||3|0||0|0|0|0|0|0|0|0|0|0|0||
60|28032837|119188587486||DAISE DE JESUS SANTOS|16163749015|02/09/2003|2|1|1|SELMA DA CONCEICAO SANTOS|JOSE DE JESUS SANTOS|1|76|28|2802106|0|0|0|0|0|0|0|0|0|0|0|0|0|0|0|0|0|0|0|0|0|0|0|0|
70|28032837|119188587486|||||||1|1|18028|218|27|06/10/2003|28|2807600|4831||||||2|49230000|POVOADO RIACHO DO MARCO||||28|2806305|
80|28032837|119188587486||1771612||24063192|||3|0||0|0|0|0|0|0|0|0|0|0|0||
60|28032837|119158157114||FABIOLA TAYANE SANTOS MACIEL|16284686413|25/04/2003|2|1|1|IVONETE SEVERO DOS SANTOS|ANTONIO JOSE DE OLIVEIRA MACIEL|1|76|28|2802106|0|0|0|0|0|0|0|0|0|0|0|0|0|0|0|0|0|0|0|0|0|0|0|0|
70|28032837|119158157114|||||||1|1|11953|141|57|28/04/2003|||7177||||||2|49230000|POVOADO MURICI|||ZONA RURAL|28|2806305|
80|28032837|119158157114||1771612||24069032|||3|1|2|0|0|1|0|0|0|0|0|0|0|0||
60|28032837|114977122622||AILTON FERREIRA DOS SANTOS JUNIOR|16159654358|29/10/2002|1|0|1|JOSEFA DE ALMEIDA TRINDADE|AILTON FERREIRA DOS SANTOS|1|76|28|2802106|0|0|0|0|0|0|0|0|0|0|0|0|0|0|0|0|0|0|0|0|0|0|0|0|
70|28032837|114977122622|||||||1|1|16669|110|17|09/12/2002|28|2806305|4820||||16159654358||2|49230000|MURICI|SN||ZONA RURAL|28|2806305|
80|28032837|114977122622||1771626||24041034|||3|1|2|0|0|1|0|0|0|0|0|0|0|0||
80|28032837|114977122622||3828731||57291623|||3|1|2|0|0|1|0|0|0|0|0|0|0|0||
60|28032837|119183900372||EDSON DE JESUS SANTOS|16166107812|17/03/2002|1|3|1|ROSIVANIA SANTOS DE JESUS|JOSE EDIRENILTON BATISTA DOS SANTOS|1|76|28|2802106|0|0|0|0|0|0|0|0|0|0|0|0|0|0|0|0|0|0|0|0|0|0|0|0|
70|28032837|119183900372|||||||1|1|17638|23|27|20/01/2003|28|2807600|4831||||||2|49230000|POVOADO RIACHO DO MARCO||||28|2806305|
80|28032837|119183900372||1771626||24034618|||3|0||0|0|0|0|0|0|0|0|0|0|0||
80|28032837|119183900372||3828731||57292024|||3|0||0|0|0|0|0|0|0|0|0|0|0||
60|28032837|120819066000||LUIZ HENRIQUE OLIVEIRA SANTOS|16446910666|26/09/2002|1|3|1|LUZIANA DOS SANTOS OLIVEIRA|JOSE WILSON DA CONCEICAO SANTOS|1|76|28|2802106|0|0|0|0|0|0|0|0|0|0|0|0|0|0|0|0|0|0|0|0|0|0|0|0|
70|28032837|120819066000|||||||1|1|17521|127|26|26/09/2002|||||||||2|49230000|POVOADO RIACHO DO MARCO||||28|2806305|
80|28032837|120819066000||1771626||24015078|||3|0||0|0|0|0|0|0|0|0|0|0|0||
80|28032837|120819066000||3828731||57291990|||3|0||0|0|0|0|0|0|0|0|0|0|0||
60|28032837|111485602628||ANTONIS FERNANDO DOREA SANTOS|16159669924|01/02/2003|1|0|1|DENISE SANTOS DOREA|JOSE FERNANDO CONCEICAO SANTOS|1|76|28|2802106|0|0|0|0|0|0|0|0|0|0|0|0|0|0|0|0|0|0|0|0|0|0|0|0|
70|28032837|111485602628|||||||1|1|16812|53|A-18|19/05/2003|28|2806305|4820||||20482023745||2|49230000|POVOADO MURICI|SN||ZONA RURAL|28|2806305|
80|28032837|111485602628||1771626||24041714|||3|1|2|0|0|1|0|0|0|0|0|0|0|0||
80|28032837|111485602628||3828731||57291326|||3|1|2|0|0|1|0|0|0|0|0|0|0|0||
60|28032837|117145550112||ALISSON SANTOS PEREIRA|16159660064|19/01/2002|1|0|1|CECILIA SILVA SANTOS|JOSE ADILSON PEREIRA RODRIGUES|1|76|28|2806305|0|0|0|0|0|0|0|0|0|0|0|0|0|0|0|0|0|0|0|0|0|0|0|0|
70|28032837|117145550112|||||||1|1|16420|507|16|02/04/2002|28|2807600|4831||||||2|49230000|POVOADO FEIRINHA||||28|2806305|
80|28032837|117145550112||1771626||23986242|||3|1|2|0|0|1|0|0|0|0|0|0|0|0||
80|28032837|117145550112||3828731||57290938|||3|1|2|0|0|1|0|0|0|0|0|0|0|0||
60|28032837|121577646079||IVANILTON SEVERO DOS SANTOS||20/07/2002|1|3|1|MARIA JOSE SEVERO DOS SANTOS|IVAN SANTANA DE JESUS|1|76|28|2802106|0|0|0|0|0|0|0|0|0|0|0|0|0|0|0|0|0|0|0|0|0|0|0|0|
70|28032837|121577646079|||||||1|1|11199|278|54|05/07/2003|||7177||||||2|49230000|POVOADO MURICI||||28|2806305|
80|28032837|121577646079||1771626||24045387|||3|0||0|0|0|0|0|0|0|0|0|0|0||
80|28032837|121577646079||3828731||57291512|||3|0||0|0|0|0|0|0|0|0|0|0|0||
60|28032837|116569176292||ILMA SANTOS DA SILVA|16263951231|15/06/2002|2|3|1|ANA CARLA DE JESUS SANTOS|IJARIO ROSA DA SILVA|1|76|28|2807600|0|0|0|0|0|0|0|0|0|0|0|0|0|0|0|0|0|0|0|0|0|0|0|0|
70|28032837|116569176292|||||||1|1|16516|616|A 16|18/07/2002|28|2806305|4820||||||2|49230000|POVOADO RIACHO DO MARCO|SN||ZONA RURAL|28|2806305|
80|28032837|116569176292||1771626||23973159|||3|0||0|0|0|0|0|0|0|0|0|0|0||
80|28032837|116569176292||3828731||57291770|||3|0||0|0|0|0|0|0|0|0|0|0|0||
60|28032837|124052475690||JOANA DOS SANTOS||29/09/1959|2|0|1|LUZIA MARQUES DOS SANTOS||1|76|28|2806305|0|0|0|0|0|0|0|0|0|0|0|0|0|0|0|0|0|0|0|0|0|0|0|0|
70|28032837|124052475690|||||||1|1|9528|156|A19||28|2806305|4820||||||2|49230000|POVOADO DE RIACHO DO MARCO||||28|2806305|
80|28032837|124052475690||1762554||26269369|||3|0||0|0|0|0|0|0|0|0|0|0|0||
60|28032837|124080682238||JOSEFA HENRIQUE DOS SANTOS||22/04/1956|2|0|1|LUZIA HENRIQUE NASCIMENTO|JARDELINO VITORIO DOS SANTOS|1|76|28|2800407|0|0|0|0|0|0|0|0|0|0|0|0|0|0|0|0|0|0|0|0|0|0|0|0|
70|28032837|124080682238||6116906||10|28||||||||||||||||2|49230000|POVOADO RIACHO DO MARCO||||28|2806305|
80|28032837|124080682238||1762554||30446754|||3|0||0|0|0|0|0|0|0|0|0|0|0||
60|28032837|124082778097||JOSE MARTINS PEREIRA||08/09/1966|1|0|1|MARIA ANTONIETA MARTINS|FIRMINO PEREIRA DE JESUS|1|76|28|2806305|0|0|0|0|0|0|0|0|0|0|0|0|0|0|0|0|0|0|0|0|0|0|0|0|
70|28032837|124082778097||763386||10|28||||||||||||||||2|49230000|POVOADO RIACHO DO MARCO||||28|2806305|
80|28032837|124082778097||1762564||30641754|||3|0||0|0|0|0|0|0|0|0|0|0|0||
60|28032837|123257815939||DIOGO DO NASCIMENTO SANTOS||01/07/2008|1|0|1|MARIA FRANCISCA DO NASCIMENTO|SANDRO BARBOSA SANTOS|1|76|28|2802106|0|0|0|0|0|0|0|0|0|0|0|0|0|0|0|0|0|0|0|0|0|0|0|0|
70|28032837|123257815939|||||||1|1|18334|90|A22|20/10/2008|28|2806305|4820||||||2|49230000|POVOADO RIACHO DO MARCO||||28|2806305|
80|28032837|123257815939||1767406||26238866|||3|0||0|0|0|0|0|0|0|0|0|0|0||
60|28032837|121571343872||RAIANE MAGELLA DE JESUS||10/08/2006|2|3|1|RITA DE CASSIA MAGELLA SATIRO|RONALDO SOUZA DE JESUS|1|76|28|2802106|0|0|0|0|0|0|0|0|0|0|0|0|0|0|0|0|0|0|0|0|0|0|0|0|
70|28032837|121571343872|||||||1|1|17900|044|20|26/02/2007|||||||||2|49230000|POVOADO MURICI|||ZONA RURAL|28|2806305|
80|28032837|121571343872||1769202||26131816|||3|1|2|0|0|1|0|0|0|0|0|0|0|0||
80|28032837|121571343872||3829063||57298684|||3|1|2|0|0|1|0|0|0|0|0|0|0|0||
60|28032837|121571107710||DERIVAN DOS SANTOS MACENA||18/09/2006|1|3|1|MARIA GILCILEIDE DOS SANTOS|JOSEVAL MANOEL DE OLIVEIRA MACENA|1|76|28|2802106|0|0|0|0|0|0|0|0|0|0|0|0|0|0|0|0|0|0|0|0|0|0|0|0|
70|28032837|121571107710|||||||1|1|17895|039|20|22/02/2007|||||||||2|49230000|POVOADO MURICI|||ZONA RURAL|28|2806305|
80|28032837|121571107710||1769202||26112788|||3|1|2|0|0|1|0|0|0|0|0|0|0|0||
80|28032837|121571107710||3829063||57297183|||3|1|2|0|0|1|0|0|0|0|0|0|0|0||
60|28032837|119157257557||ALEX JUNIOR DE JESUS SANTOS||25/12/2004|1|3|1|NUBIA MARTINS DE JESUS|JOSE ALEX DOS SANTOS|1|76|28|2802106|0|0|0|0|0|0|0|0|0|0|0|0|0|0|0|0|0|0|0|0|0|0|0|0|
70|28032837|119157257557|||||||1|1|13546|282|A21|12/09/2005|||7177||||||2|49230000|POVOADO RIACHO DO MARCO|||ZONA RURAL|28|2806305|
80|28032837|119157257557||1770406||24099541|||3|0||0|0|0|0|0|0|0|0|0|0|0||
60|28032837|115256018905||GRAZIELA NASCIMENTO OLIVEIRA|16282414068|29/01/2002|2|0|1|MARIA RAIMUNDA BARBOSA NASCIMENTO|JOSE ALVES DE OLIVEIRA|1|76|28|2802106|0|0|0|0|0|0|0|0|0|0|0|0|0|0|0|0|0|0|0|0|0|0|0|0|
70|28032837|115256018905|||||||1|1|10267|255|A-51|06/02/2002|28|2802106|5876||||||1|49230000|POVOADO RIACHO DO MARCO||||28|2806305|
80|28032837|115256018905||1770406||24075025|||3|0||0|0|0|0|0|0|0|0|0|0|0||
60|28032837|119188639036||GEISY MACEDO DOS SANTOS|16310721772|13/11/2004|2|3|1|JOSIVANIA MACEDO DOS SANTOS|GENICIO DOS SANTOS|1|76|28|2802106|0|0|0|0|0|0|0|0|0|0|0|0|0|0|0|0|0|0|0|0|0|0|0|0|
70|28032837|119188639036|||||||1|1|17345|67|19|03/06/2005|||||||||2|49230000|POVOADO RIACHO DO MARCO||||28|2806305|
80|28032837|119188639036||1770406||24098159|||3|0||0|0|0|0|0|0|0|0|0|0|0||
60|28032837|120437648299||WILLIAN APARECIDO SILVA DE JESUS|16666562861|06/09/2004|1|0|1|MARIA JOSE SANTOS DA SILVA|GERINALDO DE JESUS|1|76|29|2929701|0|0|0|0|0|0|0|0|0|0|0|0|0|0|0|0|0|0|0|0|0|0|0|0|
70|28032837|120437648299|||||||1|1|16928|94|A 16|18/10/2004|29|2929701|672||||||2|49230000|DISTRITO PRIAPU|||RURAL|28|2806305|
80|28032837|120437648299||1770406||24092595|||3|0||0|0|0|0|0|0|0|0|0|0|0||
60|28032837|119183995306||JOAO ALISSON DE JESUS SOARES|16318120867|08/01/2002|1|3|1|MARIA DIJALMA DE JESUS SOARES|JAIR GUIOMAR SOARES|1|76|28|2802106|0|0|0|0|0|0|0|0|0|0|0|0|0|0|0|0|0|0|0|0|0|0|0|0|
70|28032837|119183995306|||||||1|1|16434|533|16|22/04/2002|28|2806305|4820||||||2|49230000|POVOADO RIACHO DO MARCO||||28|2806305|
80|28032837|119183995306||1771626||24038092|||3|0||0|0|0|0|0|0|0|0|0|0|0||
80|28032837|119183995306||3828731||57291528|||3|0||0|0|0|0|0|0|0|0|0|0|0||
60|28032837|110808785132||JOANA NASCIMENTO DOS SANTOS|16295452257|24/06/2003|2|0|1|DAMIANA NASCIMENTO DOS SANTOS|JOA BATISTA DOS SANTOS|1|76|28|2802106|0|0|0|0|0|0|0|0|0|0|0|0|0|0|0|0|0|0|0|0|0|0|0|0|
70|28032837|110808785132|||||||1|1|16815|56|18|23/08/2003|28|2806305|4820||||16295452257||2|49230000|POVOADO RIACHO DO MARCO|||ZONA RURAL|28|2806305|
80|28032837|110808785132||1771626||24021938|||3|0||0|0|0|0|0|0|0|0|0|0|0||
80|28032837|110808785132||3096054||55532015|||3|0||0|0|0|0|0|0|0|0|0|0|0||
60|28032837|114526951489||MARIA DEIVIANE DOS SANTOS SOUZA|16477622654|28/02/2003|2|0|1|MARIA ROBELIA PEREIRA DOS SANTOS SOUZA|DOMINGOS SANTOS SOUZA|1|76|28|2802106|0|0|0|0|0|0|0|0|0|0|0|0|0|0|0|0|0|0|0|0|0|0|0|0|
70|28032837|114526951489|||||||1|1|16777|19|18|08/04/2003|28|2806305|4820||||16477622654||2|49230000|RIACHO DO MARCO|||ZONA RURAL|28|2806305|
80|28032837|114526951489||1771626||23992037|||3|0||0|0|0|0|0|0|0|0|0|0|0||
80|28032837|114526951489||3828731||57292171|||3|0||0|0|0|0|0|0|0|0|0|0|0||
60|28032837|111008316490||TAINARA DE JESUS SANTOS|20194972407|28/12/2000|2|0|1|JOCILENE DOS ANJOS DE JESUS|JOSE RIBEIRO SANTOS|1|76|28|2802106|0|0|0|0|0|0|0|0|0|0|0|0|0|0|0|0|0|0|0|0|0|0|0|0|
70|28032837|111008316490|||||||1|1|16008|47|A16|20/08/2001|||||||20194972407||2|49230000|POVOADO RIACHO DO MARCO|||ZONA RURAL|28|2806305|
80|28032837|111008316490||1771626||23979952|||3|0||0|0|0|0|0|0|0|0|0|0|0||
80|28032837|111008316490||3828731||57293952|||3|0||0|0|0|0|0|0|0|0|0|0|0||
60|28032837|110238518492||EDIMARLON MONTEIRO DOS SANTOS|16159703189|26/07/2002|1|0|1|MARIA DA PAIXAO SANTOS FARIAS|EDMUNDO MONTEIRO DE FARIAS|1|76|28|2806305|0|0|0|0|0|0|0|0|0|0|0|0|0|0|0|0|0|0|0|0|0|0|0|0|
70|28032837|110238518492|||||||1|1|16531|631|16|20/08/2002|28|2802106|5876||||16159703189||2|49230000|POVOADO MURICI|SN||ZONA RURAL|28|2806305|
80|28032837|110238518492||1771626||24050416|||3|1|2|0|0|1|0|0|0|0|0|0|0|0||
80|28032837|110238518492||3546499||51323390|||3|1|2|0|0|1|0|0|0|0|0|0|0|0||
60|28032837|124052545060||SILVANA SILVA SANTOS||03/01/1976|2|0|1|TEREZA ALVES DA SILVA|JOSE RODRIGUES DOS SANTOS|1|76|28|2805802|0|0|0|0|0|0|0|0|0|0|0|0|0|0|0|0|0|0|0|0|0|0|0|0|
70|28032837|124052545060||20099770||10|28||||||||||||||||2|49230000|POVOADO RIACHO DO MARCO||||28|2806305|
80|28032837|124052545060||1762554||26275883|||3|0||0|0|0|0|0|0|0|0|0|0|0||
60|28032837|124080423054||ROSANGELA FRANCA DE JESUS||17/10/1984|2|0|1|LUCIA EMIDIA DOS SANTOS|JOEL FRANCA DE JESUS|1|76|28|2802809|0|0|0|0|0|0|0|0|0|0|0|0|0|0|0|0|0|0|0|0|0|0|0|0|
70|28032837|124080423054||32525010||10|28||||||||||||||||2|49230000|POVOADO RIACHO DO MARCO||||28|2806305|
80|28032837|124080423054||1762554||30417234|||3|0||0|0|0|0|0|0|0|0|0|0|0||
60|28032837|115461468909||ORLANDO SANTOS SILVA||20/08/1985|1|0|1|MARIA SANTOS DA SILVA|JOSE DE SOUZA DA SILVA|1|76|29|2929701|0|0|0|0|0|0|0|0|0|0|0|0|0|0|0|0|0|0|0|0|0|0|0|0|
70|28032837|115461468909||1421131315||10|29|13/07/2004|||||||||||||||2|49230000|POVOADO RIACHO DO MARCO||||28|2806305|
80|28032837|115461468909||1762564||30548328|||3|0||0|0|0|0|0|0|0|0|0|0|0||
60|28032837|122358324743||SONIA DOS SANTOS||01/03/1972|2|0|1|MARIA RAIMUNDA DOS SANTOS||1|76|28|2800407|0|0|0|0|0|0|0|0|0|0|0|0|0|0|0|0|0|0|0|0|0|0|0|0|
70|28032837|122358324743||30651476||10|28||||||||||||||||2|49230000|POVOADO RIACHO DO MARCO||||28|2806305|
80|28032837|122358324743||1762564||30667506|||3|0||0|0|0|0|0|0|0|0|0|0|0||
60|28032837|123256460509||AILTON DIOGO OLIVEIRA DA SILVA||10/01/2008|1|0|1|MARIA DE OLIVEIRA GONCALVES|CLAUDEMIR CARLOS DA SILVA|1|76|28|2802106|0|0|0|0|0|0|0|0|0|0|0|0|0|0|0|0|0|0|0|0|0|0|0|0|
70|28032837|123256460509|||||||1|1|18123|173|A21|31/01/2008|28|2806305|4820||||||2|49230000|POVOADO RIACHO DO MARCO||||28|2806305|
80|28032837|123256460509||1767406||26237476|||3|0||0|0|0|0|0|0|0|0|0|0|0||
60|28032837|122544497296||MARIA EDUARDA SANTOS SANTANA||10/06/2007|2|3|1|ROSIVANIA SANTOS DE JESUS|RAIMUNDO PAIXAO SANTANA|1|76|28|2803005|0|0|0|0|0|0|0|0|0|0|0|0|0|0|0|0|0|0|0|0|0|0|0|0|
70|28032837|122544497296|||||||1|1|15919|019|A36|18/02/2008|28|2801702|5590||||||2|49230000|POVOADO RIACHO DO MARCO|38|||28|2806305|
80|28032837|122544497296||1767406||26245673|||3|1|2|0|0|1|0|0|0|0|0|0|0|0||
60|28032837|124051779601||MAIARA NASCIMENTO SILVA||04/10/2008|2|0|1|MARIA RAIMUNDA BARBOSA NASCIMENTO|JACKSON SILVA DE JESUS|1|76|28|2802106|0|0|0|0|0|0|0|0|0|0|0|0|0|0|0|0|0|0|0|0|0|0|0|0|
70|28032837|124051779601|||||||1|1|20909|8|A35|28/12/2008|28|2807600|4831||||||2|49230000|POVOADO RIACHO DO MARCO||||28|2806305|
80|28032837|124051779601||1767406||26215603|||3|0||0|0|0|0|0|0|0|0|0|0|0||
60|28032837|123260367941||JOSE VITOR PEREIRA DOS SANTOS||15/04/2008|1|0|1|ANILMA INOCENCIO PEREIRA DOS SANTOS|JOSE OLIVA DOS SANTOS|1|76|28|2802106|0|0|0|0|0|0|0|0|0|0|0|0|0|0|0|0|0|0|0|0|0|0|0|0|
70|28032837|123260367941|||||||1|1|20637|113|A34|09/05/2008|28|2806305|4820||||||2|49230000|POVOADO RIACHO DO MARCO||||28|2806305|
80|28032837|123260367941||1767406||26234807|||3|0||0|0|0|0|0|0|0|0|0|0|0||
60|28032837|120819045941||RIANE SANTOS SILVA|16676010411|01/11/2005|2|3|1|MARIA SAO PEDRO DE JESUS SANTOS|ROSEVAN SILVA SANTOS|1|76|28|2802106|0|0|0|0|0|0|0|0|0|0|0|0|0|0|0|0|0|0|0|0|0|0|0|0|
70|28032837|120819045941|||||||1|1|18175|231|21|11/04/2008|28|2806305|4820||||||2|49230000|POVOADO RIACHO DO MARCO||||28|2806305|
80|28032837|120819045941||1768491||24437709|||3|0||0|0|0|0|0|0|0|0|0|0|0||
80|28032837|120819045941||3829063||57301758|||3|0||0|0|0|0|0|0|0|0|0|0|0||
60|28032837|120818998414||AGNIS DE JESUS SANTOS|21208491999|03/03/2006|2|3|1|ROSIMARE DE JESUS|MARCELO DOS SANTOS|1|76|28|2802106|0|0|0|0|0|0|0|0|0|0|0|0|0|0|0|0|0|0|0|0|0|0|0|0|
70|28032837|120818998414|||||||1|1|17620|341|19|23/03/2006|28|2806305|4820||||||2|49230000|POVOADO RIACHO DO MARCO||||28|2806305|
80|28032837|120818998414||1768491||24438721|||3|0||0|0|0|0|0|0|0|0|0|0|0||
80|28032837|120818998414||3829063||57298716|||3|0||0|0|0|0|0|0|0|0|0|0|0||
60|28032837|113224313101||MAIK DA CONCEICAO SANTOS|16484291455|25/10/2002|1|0|1|MARIA ISABEL DE JESUS SANTOS||1|76|28|2802106|0|0|0|0|0|0|0|0|0|0|0|0|0|0|0|0|0|0|0|0|0|0|0|0|
70|28032837|113224313101|||||||1|1|254|15|43|26/10/2002|||||||20482024245||2|49230000|RIACHO DO MARCO|||ZONA RURAL|28|2806305|
80|28032837|113224313101||1771626||24018118|||3|0||0|0|0|0|0|0|0|0|0|0|0||
80|28032837|113224313101||3828731||57292162|||3|0||0|0|0|0|0|0|0|0|0|0|0||
60|28032837|112729285600||REINAN DOS SANTOS VITORINO|16652175739|08/03/2002|1|0|1|MIRALDA RUFINO DOS SANTOS|JOSE VITORINO DOS SANTOS|1|76|28|2806305|0|0|0|0|0|0|0|0|0|0|0|0|0|0|0|0|0|0|0|0|0|0|0|0|
70|28032837|112729285600|||||||1|1|16662|103|17|02/12/2002|||||||||2|49230000|POVOADO MURICI|SN||ZONA RURAL|28|2806305|
80|28032837|112729285600||1771626||24038495|||3|1|2|0|0|1|0|0|0|0|0|0|0|0||
80|28032837|112729285600||3828731||57293604|||3|1|2|0|0|1|0|0|0|0|0|0|0|0||
60|28032837|113182308458||ALAINE SANTOS BATISTA|16164112355|26/12/1998|2|0|1|MARIA CLARA DE JESUS SANTOS|GERALDO BATISTA DOS SANTOS|1|76|28|2807600|0|0|0|0|0|0|0|0|0|0|0|0|0|0|0|0|0|0|0|0|0|0|0|0|
70|28032837|113182308458|||||||1|1|16269|365|16|16/01/2002|||7177||||16164112355||2|49230000|DISTRITO RIACHO DO MARCO|||ZONA RURAL|28|2806305|
80|28032837|113182308458||3096054||55529438|||3|0||0|0|0|0|0|0|0|0|0|0|0||
60|28032837|114409431411||VANUZIA SANTOS DA SILVA|20623483933|09/07/1999|2|0|1|COSMIRA NASCIMENTO DOS SANTOS|ANTONIO JOSE DA SILVA|1|76|28|2802106|0|0|0|0|0|0|0|0|0|0|0|0|0|0|0|0|0|0|0|0|0|0|0|0|
70|28032837|114409431411|||||||1|1|15232|118|15|10/12/1999|||||||20623483933||2|49230000|DISTRITO POVOADO RIACHO DO MARCO|||ZONA RURAL|28|2806305|
80|28032837|114409431411||3096054||55530786|||3|0||0|0|0|0|0|0|0|0|0|0|0||
60|28032837|114236500506||LUCIANO VITORINO DOS SANTOS||08/09/1999|1|0|1|ZAILDE EVANGELISTA FILHA|JOSE VITORINO DOS SANTOS|1|76|28|2802106|0|0|0|0|0|0|0|0|0|0|0|0|0|0|0|0|0|0|0|0|0|0|0|0|
70|28032837|114236500506|||||||1|1|15680|228|15|14/11/2000|28|2806305|4820||||||2|49230000|POVOADO MURICI|SN||ZONA RURAL|28|2806305|
80|28032837|114236500506||3546499||51330193|||3|0||0|0|0|0|0|0|0|0|0|0|0||
60|28032837|124080388399||NECELIA BARRETO DE MENEZES||12/06/1965|2|0|1|CANDRINA MIGUEL DE MENEZES|GUMERCINDO BARRETO DOS SANTOS|1|76|28|2800670|0|0|0|0|0|0|0|0|0|0|0|0|0|0|0|0|0|0|0|0|0|0|0|0|
70|28032837|124080388399||31771580||10|28||||||||||||||||2|49230000|POVOADO RIACHO DO MARCO||||28|2806305|
80|28032837|124080388399||1762554||30410181|||3|0||0|0|0|0|0|0|0|0|0|0|0||
60|28032837|124082579132||MARCELO DOS SANTOS||21/03/1980|1|0|1|JOANA DOS SANTOS||1|76|28|2800407|0|0|0|0|0|0|0|0|0|0|0|0|0|0|0|0|0|0|0|0|0|0|0|0|
70|28032837|124082579132||20472250||10|28||||||||||||||||2|49230000|POVOADO RIACHO DO MARCO||||28|2806305|
80|28032837|124082579132||1762564||30625423|||3|0||0|0|0|0|0|0|0|0|0|0|0||
60|28032837|117842231078||JOSE RAIMUNDO SOUZA BARBOSA||17/09/1985|1|0|1|SONIA MARIA DE SOUZA|GERMANO JOSE BARBOSA|1|76|29|2913606|0|0|0|0|0|0|0|0|0|0|0|0|0|0|0|0|0|0|0|0|0|0|0|0|
70|28032837|117842231078||32317654||10|29||||||||||||||||2|49230000|POVOADO RIACHO DO MARCO||||28|2806305|
80|28032837|117842231078||1762564||30671381|||3|0||0|0|0|0|0|0|0|0|0|0|0||
60|28032837|124050960566||FERNANDA REIS DOS SANTOS||26/01/2009|2|0|1|EDJANE DOS REIS SANTOS|WESLEY DOS SANTOS|1|76|28|2800308|0|0|0|0|0|0|0|0|0|0|0|0|0|0|0|0|0|0|0|0|0|0|0|0|
70|28032837|124050960566|||||||1|1|18413|169|A22|09/02/2009|28|2806305|4820||||||2|49230000|POVOADO RIACHO DO MARCO||||28|2806305|
80|28032837|124050960566||1767406||26172122|||3|1|2|0|0|1|0|0|0|0|0|0|0|0||
60|28032837|124052108352||ANAHI GIOVANNA REIS SANTOS||27/03/2009|2|0|1|SUELANDIA REIS DOS SANTOS|ROGERIO SOUZA SANTOS|1|76|28|2802106|0|0|0|0|0|0|0|0|0|0|0|0|0|0|0|0|0|0|0|0|0|0|0|0|
70|28032837|124052108352||||||||||||||||||||2|2|49230000|POVOADO RIACHO DO MARCO||||28|2806305|
80|28032837|124052108352||1767406||26233237|||3|0||0|0|0|0|0|0|0|0|0|0|0||
60|28032837|116019054402||DANILO DE JESUS SANTOS|21246519749|08/12/1995|1|3|1|CREMILDA SANTOS|DANIEL DE JESUS SANTOS|1|76|28|2806305|1|0|0|0|0|0|0|1|0|0|0|0|0|0|0|0|0|0|0|0|0|0|0|1|
70|28032837|116019054402|||||||1|1|17330|195|19|27/04/1996|28|2806305|4820||||20046728443||2|49230000|DISTRITO RIACHO DO MARCO|||ZONA RURAL|28|2806305|
80|28032837|116019054402||1768491||24386000|||3|0||0|0|0|0|0|0|0|0|0|0|0||
80|28032837|116019054402||3829063||57299829|||3|0||0|0|0|0|0|0|0|0|0|0|0||
60|28032837|120819007187||CARLOS HENRIQUE OLIVEIRA SANTOS|16483066458|21/10/2005|1|1|1|LUZIANA DOS SANTOS OLIVEIRA|JOSE WILSON DA CONCEICAO SANTOS|1|76|28|2802106|0|0|0|0|0|0|0|0|0|0|0|0|0|0|0|0|0|0|0|0|0|0|0|0|
70|28032837|120819007187|||||||1|1|19282|035|30|24/11/2005|||||||||2|49230000|POVOADO RIACHO DO MARCO||||28|2806305|
80|28032837|120819007187||1768491||24437350|||3|0||0|0|0|0|0|0|0|0|0|0|0||
80|28032837|120819007187||3829063||57298781|||3|0||0|0|0|0|0|0|0|0|0|0|0||
60|28032837|121691976643||ISABELLE DA CONCEICAO SANTOS||24/08/2006|2|3|1|MARIA ISABEL DE JESUS SANTOS|GERALDO DA CONCEICAO SANTOS|1|76|28|2802106|0|0|0|0|0|0|0|0|0|0|0|0|0|0|0|0|0|0|0|0|0|0|0|0|
70|28032837|121691976643|||||||1|1|19786|287|30|16/10/2006|||||||||2|49230000|POVOADO RIACHO DO MARCO||||28|2806305|
80|28032837|121691976643||1769202||26123918|||3|0||0|0|0|0|0|0|0|0|0|0|0||
80|28032837|121691976643||3829063||57297702|||3|0||0|0|0|0|0|0|0|0|0|0|0||
60|28032837|121692086900||LAINE DOS SANTOS||07/10/2006|2|3|1|MARIA BONFIM DE JESUS|JOSE VALTER DOS SANTOS|1|76|28|2802106|0|0|0|0|0|0|0|0|0|0|0|0|0|0|0|0|0|0|0|0|0|0|0|0|
70|28032837|121692086900|||||||1|1|15683|83|35|11/06/2007|||||||||2|49230000|POVOADO RIACHO DO MARCO||||28|2806305|
80|28032837|121692086900||1769202||26127160|||3|0||0|0|0|0|0|0|0|0|0|0|0||
80|28032837|121692086900||3829063||57297747|||3|0||0|0|0|0|0|0|0|0|0|0|0||
60|28032837|119188401994||CLEIDSON DOS SANTOS AVELINO|16468593108|28/05/2004|1|3|1|VANILDE DOS SANTOS|JOSE ARNALDO AVELINO DOS SANTOS|1|76|28|2802106|0|0|0|0|0|0|0|0|0|0|0|0|0|0|0|0|0|0|0|0|0|0|0|0|
70|28032837|119188401994|||||||1|1|17136|376|18|23/08/2004|28|2806305|4820||||||2|49230000|POVOADO RIACHO DO MARCO||||28|2806305|
80|28032837|119188401994||1770406||24093847|||3|0||0|0|0|0|0|0|0|0|0|0|0||
60|28032837|117839337553||LEILA BARBOSA DOS SANTOS|16452951670|24/10/2002|2|3|1|MEIRES SOUZA BARBOSA|ADENILSON ROSA DOS SANTOS|1|76|28|2802106|0|0|0|0|0|0|0|0|0|0|0|0|0|0|0|0|0|0|0|0|0|0|0|0|
70|28032837|117839337553|||||||1|1|16755|196|17|17/03/2003|||||||||2|49230000|POVOADO RIACHO DO MARCO||||28|2806305|
80|28032837|117839337553||1770406||24076727|||3|0||0|0|0|0|0|0|0|0|0|0|0||
60|28032837|119864683801||LORRANA VITORIA SANTOS SILVA|16499928497|20/08/2004|2|3|1|EDVANIA CALAZANS DOS SANTOS|EDIVAN DA SILVA SANTOS|1|76|28|2803500|0|0|0|0|0|0|0|0|0|0|0|0|0|0|0|0|0|0|0|0|0|0|0|0|
70|28032837|119864683801|||||||1|1|62765|147|A84|20/09/2004|||7177||||||2|49230000|POVOADO RIACHO DO MARCO||||28|2806305|
80|28032837|119864683801||1770406||24086634|||3|0||0|0|0|0|0|0|0|0|0|0|0||
60|28032837|120475021362||PAULO DA SILVA ALVES|16626915542|22/07/2003|1|1|1|MARIA APARECIDA DA SILVA ALVES|REGINALDO BARBOSA ALVES|1|76|27|2700300|0|0|0|0|0|0|0|0|0|0|0|0|0|0|0|0|0|0|0|0|0|0|0|0|
70|28032837|120475021362|||||||1|1|21376|07|A 21|22/06/2004|||7177||||||2|49230000|POVOADO RIACHO DO MARCO||||28|2806305|
80|28032837|120475021362||1770406||24078223|||3|0||0|0|0|0|0|0|0|0|0|0|0||
60|28032837|119188682047||HEULALIA DARLLY SANTOS GAMA|21216208710|29/10/2003|2|3|1|EDIANE BARBOSA SANTOS GAMA|SERGIO DOS SANTOS GAMA|1|76|28|2802106|0|0|0|0|0|0|0|0|0|0|0|0|0|0|0|0|0|0|0|0|0|0|0|0|
70|28032837|119188682047|||||||1|1|18570|219|28|30/08/2004|||||||||2|49230000|POVOADO RIACHO DO MARCO||||28|2806305|
80|28032837|119188682047||1771612||24059231|||3|0||0|0|0|0|0|0|0|0|0|0|0||
60|28032837|121691585881||JOSE CLEBERTON SANTOS FREIRE||12/10/2003|1|3|1|JOSEFA SELMA DA CONCEICAO SANTOS|ARIMILTON FREIRE DA PAIXAO|1|76|28|2802106|0|0|0|0|0|0|0|0|0|0|0|0|0|0|0|0|0|0|0|0|0|0|0|0|
70|28032837|121691585881|||||||1|1|18398|133|28|10/05/2004|||||||||2|49230000|POVOADO RIACHO DO MARCOS||||28|2806305|
80|28032837|121691585881||1771612||24061280|||3|0||0|0|0|0|0|0|0|0|0|0|0||
60|28032837|120819070113||RAISSA SANTOS SILVA||15/07/2002|2|0|1|LEA DOS SANTOS|ROSELIO SILVA SANTOS|1|76|28|2803005|0|0|0|0|0|0|0|0|0|0|0|0|0|0|0|0|0|0|0|0|0|0|0|0|
70|28032837|120819070113|||||||1|1|29550|79|42|29/04/2003|||||||||2|49230000|POVOADO RIACHO DO MARCO||||28|2806305|
80|28032837|120819070113||1771626||24032901|||3|0||0|0|0|0|0|0|0|0|0|0|0||
80|28032837|120819070113||3828731||57293255|||3|0||0|0|0|0|0|0|0|0|0|0|0||
60|28032837|119139794740||TAIARA DA SILVA SANTOS||05/01/2003|2|3|1|MARIA NELIA SANTOS DOREA|NIVALDO SILVA DOS SANTOS|1|76|28|2802106|0|0|0|0|0|0|0|0|0|0|0|0|0|0|0|0|0|0|0|0|0|0|0|0|
70|28032837|119139794740|||||||1|1|17732|070|27|27/03/2003|||7177||||||2|49230000|POVOADO MURICI||||28|2806305|
80|28032837|119139794740||1771626||23981382|||3|1|2|0|0|1|0|0|0|0|0|0|0|0||
80|28032837|119139794740||3828731||57293145|||3|1|2|0|0|1|0|0|0|0|0|0|0|0||
60|28032837|114877557325||WELLINGTON SILVA DE JESUS|16078299442|28/12/2000|1|0|1|MARIA JOSE SANTOS DA SILVA|GERINALDO DE JESUS|1|76|29|2929701|0|0|0|0|0|0|0|0|0|0|0|0|0|0|0|0|0|0|0|0|0|0|0|0|
70|28032837|114877557325|||||||1|1|15638|71|A15|06/02/2001|||||||16078299442||2|49230000|POVOADO RIACHO DO MARCO||||28|2806305|
80|28032837|114877557325||1771626||23990002|||3|0||0|0|0|0|0|0|0|0|0|0|0||
80|28032837|114877557325||3828731||57294639|||3|0||0|0|0|0|0|0|0|0|0|0|0||
60|28032837|119139541370||JOAO SIMOES ANDRADE|16286762524|04/09/2002|1|3|1|ANDREIA FERREIRA DOS SANTOS|GUSTAVO SIMOES DE ANDRADE|1|76|35|3550308|0|0|0|0|0|0|0|0|0|0|0|0|0|0|0|0|0|0|0|0|0|0|0|0|
70|28032837|119139541370|||||||1|1|10703|102V|026|25/06/2003|35|3509205|5837||||||2|49230000|POVOADO MURICI||||28|2806305|
80|28032837|119139541370||1771626||24049361|||3|1|2|0|0|1|0|0|0|0|0|0|0|0||
80|28032837|119139541370||3828731||57291941|||3|1|2|0|0|1|0|0|0|0|0|0|0|0||
60|28032837|113333144343||SERGIO SILVA SANTOS|20051679412|15/12/2000|1|0|1|SILVANA SILVA SANTOS|JOSE NASCIMENTO DOS SANTOS|1|76|28|2802106|0|0|0|0|0|0|0|0|0|0|0|0|0|0|0|0|0|0|0|0|0|0|0|0|
70|28032837|113333144343|||||||1|1|15739|244|15|16/01/2001|||||||20051679412||2|49230000|DISTRITO POVOADO RIACHO DO MARCO|||ZONA RURAL|28|2806305|
80|28032837|113333144343||3096054||55535602|||3|0||0|0|0|0|0|0|0|0|0|0|0||
60|28032837|110163317975||LUCIENE SANTOS DA SILVA|16066383664|28/01/1998|2|0|1|MARIA JOSE BERNARDO DOS SANTOS|ANTONIO FLORENCIO SA SILVA|1|76|28|2800670|0|0|0|0|0|0|0|0|0|0|0|0|0|0|0|0|0|0|0|0|0|0|0|0|
70|28032837|110163317975|||||||1|1|19018|18|21|28/12/1998|28|2805802|4815||||20754075898||2|49230000|DISTRITO RIACHO DO MARCO|||ZONA RURAL|28|2806305|
80|28032837|110163317975||3096054||55530689|||3|0||0|0|0|0|0|0|0|0|0|0|0||
