00|28026039|88871347587|FLAVIO SILVA DE SOUZA|1|1|1|01/03/2017|09/12/2017|ESCOLA MUL DE ENSINO FUND PAULO DE SOUZA VIEIRA|-11.3183964084797|-37.5527211432927|49230000|AREIA BRANCA|0|ZONA RURAL|POVOADO AREIA BRANCA|28|2806305|5|79|999839016||999867995||EMEF.PAULOSV@GMAIL.COM|00001|3|2||||||||||2|0||
10|28026039|1|0|0|0|0|0|0|0|0|1|0|||||||1|1|0|0|0|0|1|0|0|0|0|1|0|1|0|0|0|0|0|1|1|1|0|0|1|0|0|1|0|0|0|0|0|1|1|0|0|0|0|1|0|0|0|1|0|0|0|0|0|9|7|1||1||1||1|2|||1|2||1||0||26|1|0|0|1|0|0|0|0|7|1|0|0|0||||0|1|0
20|28026039||5098|2-ANO-A|1|07|30|11|45|0|1|1|1|1|1|1|0|0||||||||||||||||||1|15||0|0|1|0|1|1|0|0|0|0|1|1|1|1|0|0|0|0|0|0|0|0|0|1|0|1
20|28026039||5099|BALAO-MAGICO|1|07|30|11|45|0|1|1|1|1|1|1|0|||||||||||||||||||1|1|||||||||||||||||||||||||||
20|28026039||5100|PRE-ESCOLAR|1|07|30|11|45|0|1|1|1|1|1|1|0|||||||||||||||||||1|2|||||||||||||||||||||||||||
20|28026039||5101|1--ANO-|1|07|30|11|45|0|1|1|1|1|1|1|0|0||||||||||||||||||1|14||0|0|1|0|1|1|0|0|0|0|1|1|1|1|0|0|0|0|0|0|0|0|0|1|0|1
20|28026039||5102|3-ANO-|1|07|30|11|45|0|1|1|1|1|1|1|0|0||||||||||||||||||1|16||0|0|1|0|1|1|0|0|0|0|1|0|1|1|0|0|0|0|0|0|0|0|0|1|0|1
20|28026039||5103|4-ANO|1|07|30|11|45|0|1|1|1|1|1|1|0|0||||||||||||||||||1|17||0|0|1|0|1|1|0|0|0|0|1|1|1|1|0|0|0|0|0|0|0|0|0|1|0|1
20|28026039||5104|5-ANO-|1|07|30|11|45|0|1|1|1|1|1|1|0|0||||||||||||||||||1|18||0|0|1|0|1|1|0|0|0|0|1|0|1|1|0|0|0|0|0|0|0|0|0|1|0|1
20|28026039||5105|6-ANO|1|13|00|17|00|0|1|1|1|1|1|1|0|0||||||||||||||||||1|19||0|0|1|0|1|1|1|0|0|0|1|1|1|1|0|0|0|0|0|0|0|0|0|1|0|1
20|28026039||5106|7-ANO|1|13|00|17|00|0|1|1|1|1|1|1|0|0||||||||||||||||||1|20||0|0|1|0|1|1|1|0|0|0|1|1|1|1|0|0|0|0|0|0|0|0|0|1|0|1
20|28026039||5107|8-ANO|1|13|00|17|00|0|1|1|1|1|1|1|0|0||||||||||||||||||1|21||0|0|1|0|1|1|1|0|0|0|1|1|1|1|0|0|0|0|0|0|0|0|0|1|0|1
20|28026039||5108|9-ANO|1|13|00|17|00|0|1|1|1|1|1|1|0|0||||||||||||||||||1|41||0|0|1|0|1|1|1|0|0|0|1|1|1|1|0|0|0|0|0|0|0|0|0|1|0|1
20|28026039||5151|ATENDIMENTO-EDUCACIONAL-ESPECIALIZADO|1|13|00|17|00|0|1|1|1|1|1|1|0|0||||||||||||||||||2|22||0|0|0|0|0|0|0|0|0|0|0|0|0|0|0|0|0|0|0|0|0|0|0|0|0|0
30|28026039|115037733455|2748|IRACI DANIEL LEAL DOS SANTOS SILVA|||17/06/1969|2|0|1|RAIMUNDA DANIEL LEAL DOS SANTOS||1|76|28|2806305|0||||||||
40|28026039|115037733455|2748|27609693553|1|49200000|RUA PEDRO MARIANO DE SOUZA|89||ALAGOAS|28|2802106
50|28026039|115037733455|2748|6|1||142P01||2004|398|||||||||||||1|0|0|0|0|0|0|0|0|0|0|0|0|0|0|0|0|0|1|0
51|28026039|115037733455|2748||5098|1|1|3|5|6|10|11|12|13|26|99||||
30|28026039||2791|MARIA OSEANE COSTA DOS SANTOS|||20/09/1992|2|0|1|VALDELICE INACIO COSTA SANTOS|JOSE MIGUEL DOS SANTOS|1|76|28|2806305|0||||||||
40|28026039||2791|06049293589|2|||||||
50|28026039||2791|6|1||142P01||2016|9999999|||||||||||||0|0|0|1|0|0|0|0|0|0|0|0|0|0|0|0|0|0|0|1
51|28026039||2791||5099|1|2|||||||||||||
30|28026039||2792|LUCICLEIDE SANTOS DA SILVA|||04/09/1990|2|0|1|LUCIA VIEIRA DA SILVA|LUCIANO ROSA DA SILVA|1|76|28|2806305|0||||||||
40|28026039||2792|06121695536|2|||||||
50|28026039||2792|5|||||||||||||||||||||||0|0|0|0|0|0|0|0|0|0|0|0|0|0|0|1
51|28026039||2792||5099|2||||||||||||||
30|28026039||2793|MARIA ISABEL DOS PASSOS|||08/07/1970|2|0|1|JOSEFA MARIA DOS PASSOS||1|76|28|2802106|0||||||||
40|28026039||2793|50335430597||||||||
50|28026039||2793|6|1||142P01||2002|9999999|||||||||||||0|0|0|1|0|0|0|0|0|0|0|0|0|0|0|0|0|0|0|1
51|28026039||2793||5100|1|1|||||||||||||
30|28026039|115158427118|2742|CRISTIANA DE OLIVEIRA SANTOS|||25/07/1980|2|0|1|MARIA JOSE DE OLIVEIRA SANTOS||1|76|28|2802106|0||||||||
40|28026039|115158427118|2742|00168151570|2|49200000|AVENIDA SANTA CRUZ|1209||SANTA CRUZ|28|2802106
50|28026039|115158427118|2742|6|1|1|142C01||2006|9999999|||||||||||||0|0|0|1|0|0|0|0|0|0|0|0|0|0|0|0|0|0|0|1
51|28026039|115158427118|2742||5101|1|1|3|5|6|10|11|12|13|26|99||||
30|28026039|115037733536|2747|JOSEFA DANIEL DOS SANTOS|||10/10/1961|2|0|1|RAIMUNDA DANIEL LEAL||1|76|28|2806305|0||||||||
40|28026039|115037733536|2747|44945426520|2|49230000|DISTRITO POVOADO AREIA BRANCA|||SEDE|28|2806305
50|28026039|115037733536|2747|6|1|1|142C01||2004|9999999|||||||||||||0|0|0|1|0|0|0|0|0|0|0|0|0|0|0|0|0|0|0|1
51|28026039|115037733536|2747||5102|1|1|3|5|6|10|12|13|26|99|||||
30|28026039|116309137157|2745|ANA LUCIA SANTOS RIBEIRO AMARANTE|||03/06/1974|2|0|1|MARIA EULINA DOS SANTOS||1|76|28|2800407|0||||||||
40|28026039|116309137157|2745|66385920500|1|49260000|RUA DA REDENCAO|399||CENTRO|28|2807600
50|28026039|116309137157|2745|6|1|1|142C01||2005|9999999|||||||||||||0|0|0|1|0|0|0|0|0|0|0|0|0|0|0|0|0|0|0|1
51|28026039|116309137157|2745||5103|1|1|3|5|6|10|11|12|13|26|99||||
51|28026039|116309137157|2745||5107|1|1|12||||||||||||
51|28026039|116309137157|2745||5108|1|1|12||||||||||||
30|28026039|115037733021|2741|MARIA IRACEMA DONATO COSTA|||17/01/1969|2|0|1|LETICIA DONATO DA SILVA||1|76|28|2806305|0||||||||
40|28026039|115037733021|2741|48991856500|1|49200000|RUA A, LOTEAMENTO SAO PEDRO|||ALAGOAS|28|2802106
50|28026039|115037733021|2741|6|1|1|142C01||2007|9999999|||||||||||||1|0|0|0|0|0|0|1|0|0|0|0|0|0|0|0|0|0|0|0
51|28026039|115037733021|2741||5104|1|1|3|5|6|10|12|13|26|99|||||
51|28026039|115037733021|2741||5105|1|1|26|99|||||||||||
51|28026039|115037733021|2741||5106|1|1|99||||||||||||
30|28026039|119489724334|2739|MARIA OSANIA DOS SANTOS|||24/12/1975|2|3|1|MARIA MADALENA||1|76|28|2806305|0||||||||
40|28026039|119489724334|2739|67590888591|1|49230000|RUA B LOTEAMENTO SAO FRANCISCO|34||ALAGOAS|28|2806305
50|28026039|119489724334|2739|6|1|0|421C01||2008|3|||||||||||||1|0|0|0|0|0|0|1|0|0|0|0|0|1|0|0|0|0|0|0
51|28026039|119489724334|2739||5105|1|1|5|13|||||||||||
51|28026039|119489724334|2739||5106|1|1|5|13|||||||||||
51|28026039|119489724334|2739||5107|1|1|5|13|||||||||||
51|28026039|119489724334|2739||5108|1|1|5|13|||||||||||
30|28026039|115158594600|2744|ADRIANA SANTOS RIBEIRO SANTANA|||15/09/1975|2|0|1|MARIA EULINA DOS SANTOS||1|76|28|2800407|0||||||||
40|28026039|115158594600|2744|00190232510|1|49220000|RUA JOAO NASCIMENTO COSTA|50||CENTRO|28|2800407
50|28026039|115158594600|2744|6|1||142P01||2007|3|||||||||||||1|0|0|0|0|0|1|0|0|1|0|0|1|0|0|0|0|1|1|0
51|28026039|115158594600|2744||5105|1|1|6||||||||||||
51|28026039|115158594600|2744||5106|1|1|6||||||||||||
51|28026039|115158594600|2744||5107|1|1|6|99|||||||||||
51|28026039|115158594600|2744||5108|1|1|6|99|||||||||||
30|28026039|113106746717|2740|FERNANDA MENEZES COSTA|||28/12/1993|2|3|1|MARIA INES DE MENEZES|JOSE HUMBERTO DULTRA COSTA|1|76|28|2803500|0||||||||
40|28026039|113106746717|2740|05832922590|1|49020070|AVENIDA ANTONIO FAGUNDES SANTANA|160||TREZE DE JULHO|28|2800308
50|28026039|113106746717|2740|6|2||145F14|2012||3|||||||||||||||||0|0|0|0|0|0|0|0|0|0|0|0|0|0|0|1
51|28026039|113106746717|2740||5105|1|2|7||||||||||||
30|28026039|115037733293|2743|MONICA MARIA DE JESUS LEAL|||22/03/1980|2|0|1|DILZA MARIA DE JESUS||1|76|28|2802106|0||||||||
40|28026039|115037733293|2743|99915413572|1|49200000|RUA B, LOTEAMENTO SAO FRANCISCO|38||ALAGOAS|28|2802106
50|28026039|115037733293|2743|6|1||145F18||2008|3|||||||||||||1|0|0|0|0|0|0|0|0|0|0|0|0|0|0|0|0|0|0|1
51|28026039|115037733293|2743||5105|1|1|3||||||||||||
51|28026039|115037733293|2743||5106|1|1|3||||||||||||
51|28026039|115037733293|2743||5107|1|1|3||||||||||||
51|28026039|115037733293|2743||5108|1|1|3||||||||||||
30|28026039|117827671003|2749|MONICA SALVADOR NUNES SANTOS|||06/10/1978|2|0|1|MARIA NUNES PEREIRA SANTOS||1|76|28|2802106|0||||||||
40|28026039|117827671003|2749|00340646560|2|49230000|POVOADO FEIRINHA||||28|2806305
50|28026039|117827671003|2749|6|1||146F15||2008|3|||||||||||||1|0|0|0|0|0|1|0|0|0|0|0|0|0|0|0|0|0|1|0
51|28026039|117827671003|2749||5105|1|1|10|11|12|99|||||||||
51|28026039|117827671003|2749||5106|1|1|10|11|12|99|||||||||
51|28026039|117827671003|2749||5107|1|1|10|11|99||||||||||
51|28026039|117827671003|2749||5108|1|1|10|11|99||||||||||
30|28026039|117827414299|2711|JUSILEIDE OLIMPIO DE SOUZA|||19/10/1975|2|0|1|MARIA DO CARMO OLIMPIO||1|76|28|2800670|0||||||||
40|28026039|117827414299|2711|69422150582|2|49200000|RUA PROFESSORA CREMILDES C. FREIRE|348||CENTRO|28|2802106
50|28026039|117827414299|2711|6|1||142P01||2006|9999999|||||||||||||1|0|0|0|0|1|0|0|0|0|0|0|0|1|0|0|0|0|1|0
51|28026039|117827414299|2711||5106|1|1|26||||||||||||
51|28026039|117827414299|2711||5107|1|1|26||||||||||||
51|28026039|117827414299|2711||5108|1|1|26||||||||||||
30|28026039|113106746717|2569|FERNANDA MENEZES COSTA|||28/12/1993|2|3|1|MARIA INES DE MENEZES|JOSE HUMBERTO DULTRA COSTA|1|76|28|2803500|0||||||||
40|28026039|113106746717|2569|05832922590|1|49020070|AVENIDA ANTONIO FAGUNDES SANTANA|160||TREZE DE JULHO|28|2800308
50|28026039|113106746717|2569|6|2||145F14|2012||3|||||||||||||||||0|0|0|0|0|0|0|0|0|0|0|0|0|0|0|1
51|28026039|113106746717|2569||5106|1|2|7||||||||||||
51|28026039|113106746717|2569||5107|1|1|7||||||||||||
51|28026039|113106746717|2569||5108|1|2|7||||||||||||
30|28026039|115163899219|2746|JOSEFA LEAL DOS SANTOS|||18/09/1974|2|0|1|GENI DE JESUS SANTOS||1|76|28|2806305|0||||||||
40|28026039|115163899219|2746|86381474572|2|49230000|AREIA BRANCA|S/N||ZONA RURAL|28|2806305
50|28026039|115163899219|2746|6|1|1|142C01||2007|398|||||||||||||0|0|0|1|0|0|0|0|0|0|0|0|0|0|0|0|0|0|0|1
51|28026039|115163899219|2746||5151|1|1|||||||||||||
60|28026039|124130262903|7536|DAVID DOS SANTOS|30/11/2009|1|0|1|JULIANA DANIELA DOS SANTOS|NAO DECLARADO|1|76|28|2806305|0|||||||||||||||||||||||
70|28026039|124130262903|7536|||||1|1|18750|206|23|10/08/2010|28|2806305|4820|||||2|49230000|POV AREIA BRANCA|||ZONA RURAL|28|2806305
80|28026039|124130262903|7536||5098||||3|0|||||||||||||
60|28026039|124130393412|7615|FABIANO DA CRUZ SOUZA|11/11/2009|1|0|1|FABIANA CRISTINA DA CRUZ SANTOS|EDVALDO SANTOS DE SOUZA|1|76|28|2802106|0|||||||||||||||||||||||
70|28026039|124130393412|7615|||||1|1|20700|188|86|09/02/2010|28|2802106|5876|||||2|49230000|POV AREIA BRANCA||||28|2806305
80|28026039|124130393412|7615||5098||||3|0|||||||||||||
60|28026039|124051874000|7494|GUILHERME GOMES DOS SANTOS|07/02/2009|1|3|1|RAFAELA GOMES DUARTE|VALDOMIRO SANTANA DOS SANTOS|1|76|28|2802106|0|||||||||||||||||||||||
70|28026039|124051874000|7494|||||1|1|20197|285|A84|31/08/2009|28|2802106|5876|||||2|49230000|POVOADO AREIA BRANCA||||28|2806305
80|28026039|124051874000|7494||5098||||3|1|2|0|0|1|0|0|0|0|0|0|0|0|
60|28026039|126182545622|7471|LUAN HENRIQUE PEREIRA DIAS|28/02/2010|1|3|1|LINDINALVA DE JESUS|RODRIGO DIAS|1|76|28|2806305|0|||||||||||||||||||||||
70|28026039|126182545622|7471|||||1|1|10700|156|23|25/03/2013|28|2806305|4820|||||2|49230000|POVOADO AREIA BRANCA|||ZONA RURAL|28|2806305
80|28026039|126182545622|7471||5098||||3|0|||||||||||||
60|28026039|120325056810|7585|LUIZ GABRIEL COSTA DE JESUS|02/04/2008|1|0|1|MARIA CLAUDIA DE JESUS|ANTONIO MARCOS COSTA DOS SANTOS|1|76|28|2800308|0|||||||||||||||||||||||
70|28026039|120325056810|7585|||||1|1|47381|144|A80|21/08/2008|28|2800308|5573|||||2|49230000|POVOADO AREIA BRANCA|||RURAL|28|2806305
80|28026039|120325056810|7585||5098||||3|1|2|0|0|1|0|0|0|0|0|0|0|0|
60|28026039||8144|TAISSA ANTONIA DE ARAUJO SANTOS |13/06/2005|2|0|1|JOSEFIRA DE ARAUJO DOS SANTOS|TONY DOS SANTOS|1|76|28|2806305|0|||||||||||||||||||||||
70|28026039||8144|||||1|1|97611|133|191|13/07/2005|28|2800308|12512|||||2|49200000|POV AREIA BRANCA||||28|2806305
80|28026039||8144||5098||||3|0|||||||||||||
60|28026039|124043848993|7470|VANESSA SOARES DOS SANTOS NUNES|15/05/2008|2|3|1|SIMONE SOARES DOS SANTOS|JOSE RAIMUNDO NUNES SANTOS|1|76|28|2806305|0|||||||||||||||||||||||
70|28026039|124043848993|7470|||||1|1|18261|017|22|03/08/2012|28|2806305|4820|||||2|49230000|POVOADO AREIA BRANCA|||ZONA RURAL|28|2806305
80|28026039|124043848993|7470||5098||||3|1|2|0|0|1|0|0|0|0|0|0|0|0|
60|28026039|130076689300|7616|VERONICA EVELYN MARQUES SILVA|22/09/2009|2|3|1|NUBIA CARDOSO SILVA|SILVERIO MARQUES DA SILVA|1|76|35|3550308|0|||||||||||||||||||||||
70|28026039|130076689300|7616|||||1|1|142819|235|176|24/11/2009|35|3550308|6266|||||2|49230000|POVOADO GONCALA||||28|2806305
80|28026039|130076689300|7616||5098||||3|1|2|0|0|1|0|0|0|0|0|0|0|0|
60|28026039|124135085031|7447|VIVIANE DANTAS DOS SANTOS|28/03/2009|2|0|1|RITA ADRIANA DE JESUS DANTAS|JOSE RANULFO DOS SANTOS|1|76|28|2802106|0|||||||||||||||||||||||
70|28026039|124135085031|7447|||||1|1|18632|88|23|05/02/2010|28|2806305|4820|||||2|49230000|POVOADO AREIA BRANCA|||RURAL|28|2806305
80|28026039|124135085031|7447||5098||||3|1|2|0|0|1|0|0|0|0|0|0|0|0|
60|28026039|120208199453|7469|YAN FERNANDO DE OLIVEIRA DE JESUS|20/12/2007|1|3|1|ROSIMEIRE DE OLIVEIRA|ALBERTINO DE JESUS|1|76|35|3557105|0|||||||||||||||||||||||
70|28026039|120208199453|7469|||||1|1|00001514|196V|A6|31/12/2007|35|3557105|6769||45982919829|||2|49230000|POVOADO AREIA BRANCA||||28|2806305
80|28026039|120208199453|7469||5098||||3|0|||||||||||||
80|28026039|120208199453|7469||5151|||15|3|0|||||||||||||
60|28026039|130078442906|7423|ANA CAROLINA COSTA CARDOSO|30/10/2013|2|3|1|LEIDIANE DA COSTA CARDOSO|JOSE EVERALDO CARDOSO|1|76|28|2802106|0|||||||||||||||||||||||
70|28026039|130078442906|7423|||||1|1|25325|013|102|01/11/2013|28|2806305|4820|||||2|49230000|POVOADO AREIA BRANCA||||28|2806305
80|28026039|130078442906|7423||5099||||3|0|||||||||||||
60|28026039||8148|ANA PAULA SILVA RODRIGUES|14/07/2014|2|0|1|PAULIANA SANTOS RODRIGUES|SIVAL SILVA DOS SANTOS|1|76|28|2806305|0|||||||||||||||||||||||
70|28026039||8148|||||1|1|26688|176|106|19/01/2015|28|2806305|4820|||||2|49230000|POV AREIA BRANCA||||28|2806305
80|28026039||8148||5099||||3|0|||||||||||||
60|28026039||8149|EMILLY SOPHIA DOS SANTOS LIMA|15/04/2015|2|0|1|VALDICLEIDE PEREIRA LIMA|ERISVALDO DANIEL DOS SANTOS|1|76|28|2806305|0|||||||||||||||||||||||
70|28026039||8149|||||1|1|27024|212|107|29/04/2015|28|2806305|4820|||||2|49230000|POVOADO AREIA BRANCA||||28|2806305
80|28026039||8149||5099||||3|0|||||||||||||
60|28026039||8150|IKARO RAFAEL OLIVEIRA GONCALVES|10/04/2013|1|0|1|ANDREIA DE OLIVEIRA FILHO|RAFAEL GONCALVES DOS SANTOS|1|76|28|2806305|0|||||||||||||||||||||||
70|28026039||8150|||||1|1|25725|114|103|25/03/2014|28|2806305|4820|||||2|49230000|POV AREIA BRANCA||||28|2806305
80|28026039||8150||5099||||3|0|||||||||||||
60|28026039||8152|LAERTE DOS SANTOS LOPES DA SILVA|14/07/2015|1|0|1|MAITE DOS SANTOS|LAELCIO DE JESUS LOPES DA SILVA|1|76|28|2806305|0|||||||||||||||||||||||
70|28026039||8152|||||1|1|27284|172|08|15/07/2015|28|2806305|4820|||||2|49230000|POVOADO AREIA BRANCA||||28|2806305
80|28026039||8152||5099||||3|0|||||||||||||
60|28026039||8153|LAZARO DE OLIVEIRA SANTOS|22/11/2014|1|0|1|NOELIA DE OLIVEIRA SANTOS|ANTONIO FRANK LUIS DOS SANTOS|1|76|28|2806305|0|||||||||||||||||||||||
70|28026039||8153|||||1|1|19609|165|26|02/12/2014|28|2806305|4820|||||2|49230000|POVOADO AREIA BRANCA||||28|2806305
80|28026039||8153||5099||||3|0|||||||||||||
60|28026039||8154|LUCAS LEAL DOS SANTOS LIMA|13/09/2013|1|0|1|ANA PAULA LEAL DOS SANTOS|VAGNER SANTOS LIMA|1|76|28|2802106|0|||||||||||||||||||||||
70|28026039||8154|||||1|1|19415|271|25|11/06/2015|28|2806305|4820|||||2|49230000|POVOADO AREIA BRANCA||||28|2806305
80|28026039||8154||5099||||3|0|||||||||||||
60|28026039||8155|MATHEUS EVANGELISTA SANTOS SOARES|13/09/2014|1|0|1|SIMONE SOARES DOS SANTOS |JOSE EUGENIO EVANGELISTA SANTOS|1|76|28|2806305|0|||||||||||||||||||||||
70|28026039||8155|||||1|1|26521|009|06|24/11/2014|28|2806305|4820|||||2|49230000|POVOADO AREIA BRANCA||||28|2806305
80|28026039||8155||5099||||3|0|||||||||||||
60|28026039||8156|MICAELLY VITORIALEAL DE OLIVEIRA|10/05/2014|2|0|1|REGINA DE OLIVEIRA GONALVES|NERISVALDO LEAL DOS SANTOS |1|76|28|2806305|0|||||||||||||||||||||||
70|28026039||8156|||||1|1|19525|081|26|09/06/2014|28|2806305|4820|||||2|49230000|POVOADO AREIA BRANCA||||28|2806305
80|28026039||8156||5099||||3|0|||||||||||||
60|28026039||8157|MIRIAM DE SOUZA SANTOS|15/06/2013|2|0|1|JOSEVANIA DE SOUZA FREITAS|FLAVIO SANTOS BATISTA|1|76|28|2806305|0|||||||||||||||||||||||
70|28026039||8157|||||1|1|19356|212|25|27/06/2013|28|2806305|4820|||||2|49230000|POVOADO FEIRINHA||||28|2806305
80|28026039||8157||5099||||3|1|2|0|0|1|0|0|0|0|0|0|0|0|
60|28026039|130076715743|7422|RAFAEL DOS SANTOS|24/01/2014|1|3|1|MARIA JOSE DOS SANTOS||1|76|28|2800308|0|||||||||||||||||||||||
70|28026039|130076715743|7422|||||2|||||||||11048601552014100300053012745071||||2|49230000|POVOADO AREIA BRANCA||||28|2806305
80|28026039|130076715743|7422||5099||||3|0|||||||||||||
60|28026039||8159|RAKUEL DOS SANTOS RAMOS|14/03/2014|2|0|1|SELMA EPIFANEO DOS SANTOS|JOSE FERREIRA RAMOS|1|76|28|2802106|0|||||||||||||||||||||||
70|28026039||8159|||||1|1|23520|009|44|09/05/2014|28|2807600|4831|||||2|49230000|POVOADO AREIA BRANCA||||28|2806305
80|28026039||8159||5099||||3|0|||||||||||||
60|28026039||8160|WELLINGTON THADEU GONCALVES DE JESUS|31/08/2014|1|0|1|MICHELE GONCALVES DOS SANTOS|WELLINGTON PAIXAO TAVARES DE JESUS |1|76|28|2806305|0|||||||||||||||||||||||
70|28026039||8160|||||1|1|15255|194|27|29/09/2014|28|2806305|4820|||||2|49230000|POVOADO AREIA BRANCA||||28|2806305
80|28026039||8160||5099||||3|0|||||||||||||
60|28026039||8151|YTALLO GABRIEL SANTOS DE JESUS|18/07/2014|1|0|1|SIMONE BATISTA DOS SANTOS|JOSE DOMINGOS GOMES DE JESUS|1|76|28|2806305|0|||||||||||||||||||||||
70|28026039||8151|||||1|1|19547|103|26|28/07/2014|28|2806305|4820|||||2|49230000|POVOADO AREIA BRANCA||||28|2806305
80|28026039||8151||5099||||3|0|||||||||||||
60|28026039|124273696168|7473|ALEX SANTANA DA CRUZ|24/03/2012|1|0|1|HENIS SANTANA DOS SANTOS|ADAILTON MARCELINO DA CRUZ|1|76|28|2802106|0|||||||||||||||||||||||
70|28026039|124273696168|7473|||||1|1|23460|248|95|09/04/2012|28|2802106|12578||||21266362950|2|49230000|POVOADO AREIA BRANCA||||28|2806305
80|28026039|124273696168|7473||5100||||3|0|||||||||||||
60|28026039|127526245650|7588|ANDERSON SANTOS DE JESUS|10/02/2013|1|3|1|ALINE BATISTA DOS SANTOS|ANDRE SANTANA DE JESUS|1|76|28|2800308|0|||||||||||||||||||||||
70|28026039|127526245650|7588|||||1|1|19299|155|25|28/02/2013|28|2806305|4820||||23623066539|2|49230000|DISTRITO AREIA BRANCA||||28|2806305
80|28026039|127526245650|7588||5100||||3|0|||||||||||||
60|28026039||8161|ANNA JULIA SANTOS RAMOS|10/01/2012|2|0|1|FABIANA DE JESUS SANTOS|DIEGO RAMOS DE JESUS SANTOS|1|76|28|2802106|0|||||||||||||||||||||||
70|28026039||8161|||||1|1|23202|290|94|23/04/2014|28|2802106|5876|||||2|49230000|POVOADO AREIA BRANCA||||28|2806305
80|28026039||8161||5100||||3|0|||||||||||||
60|28026039|130073002665|7421|AUGUSTO JUNIOR DOS SANTOS|24/01/2013|1|3|1|NAIZA DOS SANTOS OLIVEIRA|AUGUSTO GOMES MARCELINO|1|76|28|2802106|0|||||||||||||||||||||||
70|28026039|130073002665|7421|||||1|1|23180|269|42|12/08/2013|28|2807600|4831|||||2|49230000|POVOADO AREIA BRANCA||||28|2806305
80|28026039|130073002665|7421||5100||||3|0|||||||||||||
60|28026039|130081340680|7475|AUREA MARIA FERNANDES LEAL|10/06/2011|2|3|1|ANDREA FERNANDES SANTOS LEAL|JOSE ANTONIO LEAL DOS SANTOS|1|76|28|2802106|0|||||||||||||||||||||||
70|28026039|130081340680|7475|||||1|1|22488|176|92|06/07/2011|28|2802106|5876||||20658220009|2|49230000|DISTRITO AREIA BRANCA||||28|2806305
80|28026039|130081340680|7475||5100||||3|0|||||||||||||
60|28026039|127527538960|7589|BRENNO ARAUJO DE OLIVEIRA|03/11/2012|1|3|1|MARCIELIA ARAUJO LIMA|ADAILTON ANDRADE DE OLIVEIRA|1|76|28|2802106|0|||||||||||||||||||||||
70|28026039|127527538960|7589|||||1|1|24193|081|98|13/11/2012|28|2802106|5876||08557019513||21273103590|2|49230000|DISTRITO AREIA BRANCA||||28|2806305
80|28026039|127527538960|7589||5100||||3|0|||||||||||||
60|28026039|127526178871|7474|ESAU OTAVIO DOS SANTOS|10/03/2012|1|3|1|MARIA RAIMUNDA DOS SANTOS|ERONILDES ROSA DOS SANTOS|1|76|28|2802106|0|||||||||||||||||||||||
70|28026039|127526178871|7474|||||1|1|19124|280|24|23/03/2012|28|2806305|4820||08705541581||22015541127|2|49230000|DISTRITO AREIA BRANCA||||28|2806305
80|28026039|127526178871|7474||5100||||3|0|||||||||||||
60|28026039|127522153122|7537|GABRIEL LEAL DOS SANTOS|07/01/2013|1|3|1|ANA CRISTINA LEAL DOS SANTOS|JOSE VALMIDO DOS SANTOS|1|76|28|2802106|0|||||||||||||||||||||||
70|28026039|127522153122|7537|||||1|1|19316|172|25|25/03/2013|28|2806305|4820||||23674328638|2|49230000|DISTRITO AREIA BRANCA||||28|2806305
80|28026039|127522153122|7537||5100||||3|0|||||||||||||
60|28026039||8162|GUILHERME GONCALVES DOS SANTOS|18/08/2011|1|0|1|LUCIARA VITORINO DOS SANTOS|JOSE GONCALVES DOS SANTOS|1|76|28|2802106|0|||||||||||||||||||||||
70|28026039||8162|||||1|1|22694|82|93|26/08/2011|28|2802106|5876|||||2|49230000|POVOADO AREIA BRANCA||||28|2806305
80|28026039||8162||5100||||3|0|||||||||||||
60|28026039||8163|GUSTAVO ALVES DA SILVA|26/07/2011|1|0|1|RAQUEL ALVES SANTANA|SILVERIO MARQUES DA SILVA|1|76|27|2700300|0|||||||||||||||||||||||
70|28026039||8163|||||1|1|28277|073|26|25/09/2011|27|2702900|96|||||2|49230000|POVOADO MALICA||||28|2806305
80|28026039||8163||5100||||3|1|2|0|0|1|0|0|0|0|0|0|0|0|
60|28026039|127527525478|7499|JHONATA FELIPE LIMA DE JESUS|19/04/2011|1|3|1|FERNANDA DE JESUS LIMA|JOSIVAN SANTOS DE JESUS|1|76|28|2802106|0|||||||||||||||||||||||
70|28026039|127527525478|7499|||||1|1|22389|77|92|10/06/2011|28|2802106|5876|||||2|49230000|DISTRITO AREIA BRANCA||||28|2806305
80|28026039|127527525478|7499||5100||||3|0|||||||||||||
60|28026039|127528397660|7420|KAUAN VYTOR LIMA DOS SANTOS|08/06/2012|1|3|1|AMANDA DE JESUS LIMA|MARCELO HENRIQUE LEAL DOS SANTOS|1|76|28|2802106|0|||||||||||||||||||||||
70|28026039|127528397660|7420|||||1|1|19207|063|25|17/08/2012|28|2806305|4820||||22819009890|2|49230000|DISTRITO AREIA BRANCA||||28|2806305
80|28026039|127528397660|7420||5100||||3|0|||||||||||||
60|28026039|127524251040|7557|LEONARDO DOS SANTOS LEAL|01/02/2013|1|3|1|LEA DOS SANTOS|LUCIVALDO LEAL DOS SANTOS|1|76|28|2802106|0|||||||||||||||||||||||
70|28026039|127524251040|7557|||||1|1|19297|153|25|25/02/2013|28|2806305|4820||||23622217525|2|49230000|DISTRITO AREIA BRANCA||||28|2806305
80|28026039|127524251040|7557||5100||||3|0|||||||||||||
60|28026039|126182546009|7449|MARIA CLARA RAMOS CARDOSO|13/06/2010|2|3|1|JOSELHA RAMOS DOS SANTOS|HORLANDO CARDOSO DOS SANTOS|1|76|28|2806305|0|||||||||||||||||||||||
70|28026039|126182546009|7449|||||1|1|21196|84|88|15/06/2010|28|2802106|5876|||||2|49230000|POVOADO AREIA BRANCA|||ZONA RURAL|28|2806305
80|28026039|126182546009|7449||5100||||3|1|2|0|0|1|0|0|0|0|0|0|0|0|
80|28026039|126182546009|7449||5101||||3|0|||||||||||||
60|28026039||8164|RAY CONCEICAO SANTOS|21/12/2012|1|0|1|ELIANA DA CONCEICAO DOS SANTOS|JOAO BATISTA DOS SANTOS|1|76|28|2802106|0|||||||||||||||||||||||
70|28026039||8164|||||1|1|24739|27|100|07/05/2013|28|2802106|5876|||||2|49230000|POVOADO FEIRINHA||||28|2806305
80|28026039||8164||5100||||3|0|||||||||||||
60|28026039|124134400383|7559|TALISSON DOS SANTOS CLEMENTINO|26/06/2011|1|0|1|ROSANA ALVES DOS SANTOS|JOSE CARLOS CLEMENTINO DOS SANTOS|1|76|28|2802106|0|||||||||||||||||||||||
70|28026039|124134400383|7559|||||1|1|19012|168|24|29/09/2011|28|2806305|4820|||||2|49230000|POV AREIA BRANCA||||28|2806305
80|28026039|124134400383|7559||5100||||3|0|||||||||||||
60|28026039||8165|TARCIO DOS SANTOS EVANGELISTA|24/05/2012|1|0|1|CRISTIANE DOS SANTOS|JOSE EUGENIO EVANGELISTA SANTOS|1|76|28|2800308|0|||||||||||||||||||||||
70|28026039||8165|||||1|1|19245|101|25|29/10/2012|28|2806305|7177|||||2|49230000|POVOADO AREIA BRANCA||||28|2806305
80|28026039||8165||5100||||3|0|||||||||||||
60|28026039|127525394104|7495|YURI REIS SANTOS|10/06/2012|1|3|1|JOSEFA COSTA DOS SANTOS|WILTON CARVALHO REIS|1|76|28|2802106|0|||||||||||||||||||||||
70|28026039|127525394104|7495|||||1|1|23776|264|96|02/07/2012|28|2802106|5876||||22017234744|2|49230000|DISTRITO AREIA BRANCA||||28|2806305
80|28026039|127525394104|7495||5100||||3|0|||||||||||||
60|28026039|126182546270|7497|ANY LANNARA SANTOS MOURA|01/11/2010|2|3|1|ERIKA FERNANDA LIMA SANTOS|JOELSON PEREIRA DE MOURA|1|76|28|2806305|0|||||||||||||||||||||||
70|28026039|126182546270|7497|||||1|1|21672|260|89|03/11/2010|28|2802106|5876|||||2|49230000|POVOADO AREIA BRANCA|||ZONA RURAL|28|2806305
80|28026039|126182546270|7497||5101||||3|0|||||||||||||
60|28026039|126182545894|7539|ELAINE COSTA CARDOSO|01/07/2010|2|3|1|LEIDIANE DA COSTA CARDOSO|JOSE EVERALDO CARDOSO|1|76|28|2806305|0|||||||||||||||||||||||
70|28026039|126182545894|7539|||||1|1|21240|128|88|05/07/2010|28|2806305|4820||||21269679041|2|49230000|POVOADO AREIA BRANCA|||ZONA RURAL|28|2806305
80|28026039|126182545894|7539||5101||||3|0|||||||||||||
60|28026039|124134518970|7496|EMERSON DOS SANTOS RAMOS|22/11/2010|1|0|1|SELMA EPIFANEO DOS SANTOS|JOSE FERREIRA RAMOS|1|76|28|2802106|0|||||||||||||||||||||||
70|28026039|124134518970|7496|||||1|1|16886|143|39|30/12/2010|28|2806305|4820||||21257412967|2|49230000|POV AREIA BRANCA||||28|2806305
80|28026039|124134518970|7496||5101||||3|0|||||||||||||
60|28026039|124272638504|7591|JEFERSON RODRIGUES EVANGELISTA|05/02/2011|1|0|1|PAULIANA SANTOS RODRIGUES|JOSE EUGENIO EVANGELISTA SANTOS|1|76|28|2802106|0|||||||||||||||||||||||
70|28026039|124272638504|7591|||||1|1|22847|235|93|03/10/2011|28|2806305|4820||08745346585||22010451510|2|49230000|POVOADO AREIA BRANCA||||28|2806305
80|28026039|124272638504|7591||5101||||3|0|||||||||||||
60|28026039||8140|LAIANE RAYSSA SANTOS LIMA|09/11/2010|2|0|1|DAIANE SANTOS|EDSON ALAN DE JESUS LIMA|1|76|28|2806305|0|||||||||||||||||||||||
70|28026039||8140|||||1|1|14164|065|31|23/04/2012|28|2806305|4820|||||2|||||||
80|28026039||8140||5101||||3|0|||||||||||||
60|28026039|127530614591|7450|MANUELA SILVA BARBOSA|09/11/2010|2|3|1|MARIA LUCIVANIA DOS SANTOS SILVA|PAULO DE SOUZA BARBOSA|1|76|28|2802106|0|||||||||||||||||||||||
70|28026039|127530614591|7450|||||1|1|18815|271|23|19/11/2010|28|2806305|4820|||||2|49230000|DISTRITO AREIA BRANCA||||28|2806305
80|28026039|127530614591|7450||5101||||3|0|||||||||||||
60|28026039|126182546351|7498|NATHALYA LIMA SANTOS|03/12/2010|2|3|1|VALDENILDE DE JESUS LIMA|JOSE ELTON DE JESUS SANTOS|1|76|28|2806305|0|||||||||||||||||||||||
70|28026039|126182546351|7498|||||1|1|22046|34|91|21/02/2011|28|2806305|4820||07621829540|||2|49230000|POVOADO AREIA BRANCA|||ZONA RURAL|28|2806305
80|28026039|126182546351|7498||5101||||3|0|||||||||||||
60|28026039|124296598243|7516|REYNAN PEREIRA DE SOUZA|27/10/2010|1|0|1|JOSEFA ADRIANA PEREIRA DE SOUZA|REGINALDO RAMOS DE SOUZA|1|76|28|2802106|0|||||||||||||||||||||||
70|28026039|124296598243|7516|||||1|1|18814|270|23|18/11/2010|28|2806305|4820||||23600290637|2|49230000|POVOADO BOMFIM|SN|||28|2806305
80|28026039|124296598243|7516||5101||||3|1|2|0|0|1|0|0|0|0|0|0|0|0|
60|28026039||8141|RODRIGO BATISTA DOS SANTOS|25/08/2010|1|0|1|SANDRA BATISTA DOS SANTOS|RINALDO FRANCISCO DOS SANTOS |1|76|28|2802106|0|||||||||||||||||||||||
70|28026039||8141|||||2||||||28|||11085801552010100023186001873092||||2|49230000|POVOADO CEDRO||||28|2806305
80|28026039||8141||5101||||3|1|2|0|0|1|0|0|0|0|0|0|0|0|
60|28026039|124134936461|7560|THIAGO SANTOS PEREIRA|19/05/2010|1|0|1|GILVANIA SANTOS PEREIRA|JOSE HELIO PEREIRA|1|76|28|2802106|0|||||||||||||||||||||||
70|28026039|124134936461|7560|||||1|1|18832|288|23|01/12/2010|28|2806305|4820||||23615980391|2|49230000|POV AREIA BRANCA||||28|2806305
80|28026039|124134936461|7560||5101||||3|0|||||||||||||
60|28026039|124134870185|7590|VALMIRO CRISTIANO ROSA MENEZES|11/02/2011|1|0|1|CRISTINA OLIVEIRA ROSA|VALMIRO SOUZA MENEZES|1|76|28|2802106|0|||||||||||||||||||||||
70|28026039|124134870185|7590|||||1|1|18867|23|24|15/02/2011|28|2806305|4820||08795771506||23602790602|2|49230000|POV AREIA BRANCA||||28|2806305
80|28026039|124134870185|7590||5101||||3|0|||||||||||||
60|28026039|116910477838|7582|CARLOS DANTAS DOS SANTOS|19/09/2003|1|3|1|MARIA EUNICE DE JESUS DANTAS|JOSE CARLOS CLEMENTINO DOS SANTOS|1|76|28|2802106|0|||||||||||||||||||||||
70|28026039|116910477838|7582|||||1|1|17404|125|19|28/07/2005|28|2806305|4820||08641384588||16461676997|2|49230000|POVADO AREIA BRANCA||||28|2806305
80|28026039|116910477838|7582||5102||||3|1|2|0|0|1|0|0|0|0|0|0|0|0|
60|28026039|124050175710|7445|CRISTIAN ALVES CLEMENTINO|07/04/2008|1|0|1|JOSENILDA ALVES DOS SANTOS|JOSE CARLOS CLEMENTINO DOS SANTOS|1|76|28|2802106|0|||||||||||||||||||||||
70|28026039|124050175710|7445|||||1|1|18329|85|A22|16/10/2008|28|2806305|4820|||||2|49230000|POVOADO AREIA BRANCA||||28|2806305
80|28026039|124050175710|7445||5102||||3|1|2|0|0|1|0|0|0|0|0|0|0|0|
60|28026039|124050612363|7556|ESTER MARCELINO DOS SANTOS|26/05/2008|2|3|1|MARIA CAETANA DOS SANTOS|DANIEL MARCELINO DOS SANTOS|1|76|28|2802106|0|||||||||||||||||||||||
70|28026039|124050612363|7556|||||1|1|19163|151|A81|17/11/2008|28|2802106|5876|||||2|49230000|POVOADO AREIA BRANCA||||28|2806305
80|28026039|124050612363|7556||5102||||3|1|2|0|0|1|0|0|0|0|0|0|0|0|
60|28026039|124270047312|7586|EVELY GOMES DE SOUZA|05/08/2008|2|3|1|RAIMUNDA GOMES DE JESUS|EDMUNDO DE SOUZA|1|76|28|2806305|0|||||||||||||||||||||||
70|28026039|124270047312|7586|||||1|1|19646|34|83|30/03/2009|28|2802106|5876|||||2|49230000|POVOADO AREIA BRANCA|||ZONA RURAL|28|2806305
80|28026039|124270047312|7586||5102||||3|1|2|0|0|1|0|0|0|0|0|0|0|0|
60|28026039||8145|GLECE KELLY GOMES DOS SANTOS|17/03/2007|2|0|1|RAFAELA GOMES DUARTE|VALDOMIRO SANTANA DOS SANTOS|1|76|28|2802106|0|||||||||||||||||||||||
70|28026039||8145|||||1|1|17922|110|77|19/11/2007|28|2802106|5876|||||2|49230000|POVOADO AREIA BRANCA||||28|2806305
80|28026039||8145||5102||||3|1|2|0|0|1|0|0|0|0|0|0|0|0|
60|28026039||8146|JOSE ANTONIO DANTAS FILHO|19/11/2006|1|0|1|RITA ADRIANA DE JESUS DANTAS|MANOEL ANTONIO FILHO|1|76|29|2923803|0|||||||||||||||||||||||
70|28026039||8146|||||1|1|31457|287|31|12/01/2007|29|2923803|298|||||2|49230000|POVOADO AREIA BRANCA||||28|2806305
80|28026039||8146||5102||||3|1|2|0|0|1|0|0|0|0|0|0|0|0|
60|28026039|123403797170|7514|KELLY DE JESUS CARVALHO|12/12/2007|2|3|1|JOSIANE SILVA DE JESUS|ADRIANO ALVES DE JESUS|1|76|28|2800308|0|||||||||||||||||||||||
70|28026039|123403797170|7514|||||1|1|18226|282|21|05/06/2008|28|2806305|4820||08433438506|||2|49230000|POVOADO AREIA BRANCA||||28|2806305
80|28026039|123403797170|7514||5102||||3|1|2|0|0|1|0|0|0|0|0|0|0|0|
60|28026039|124051786640|7535|LEVI SANTOS DE JESUS|02/03/2009|1|3|1|JOSEFA DOS SANTOS|JOSE ANTONIO DE JESUS|1|76|28|2802106|0|||||||||||||||||||||||
70|28026039|124051786640|7535|||||1|1|14939|178|26|13/08/2012|28|2800407|5580||||22819025845|2|49230000|POVOADO AREIA BRANCA||||28|2806305
80|28026039|124051786640|7535||5102||||3|1|2|0|0|1|0|0|0|0|0|0|0|0|
60|28026039||8147|MATHEUS SANTOS DE JESUS|10/03/2009|1|0|1|MARIA GEANE MENDES DOS SANTOS|MARCIO  COSTA DE JESUS|1|76|28|2806305|0|||||||||||||||||||||||
70|28026039||8147|||||1|1|18254|10|22|24/08/2009|28|2806305|7177|||||2|49230000|POVOADO AREIA BRANCA||||28|2806305
80|28026039||8147||5102||||3|1|2|0|0|1|0|0|0|0|0|0|0|0|
60|28026039|124051615161|7554|MATHEUS SANTOS PEREIRA|25/03/2008|1|3|1|GILVANIA SANTOS PEREIRA|JOSE HELIO PEREIRA|1|76|28|2802106|0|||||||||||||||||||||||
70|28026039|124051615161|7554|||||1|1|18254|10|A22|22/07/2008|28|2806305|4820||||16502370587|2|49230000|POVOADO AREIA BRANCA||||28|2806305
80|28026039|124051615161|7554||5102||||3|1|2|0|0|1|0|0|0|0|0|0|0|0|
60|28026039|130081537475|7533|MICHAEL DOUGLAS DOS SANTOS|15/06/2007|1|3|1|EDNA DOS SANTOS|MACIEL DOS SANTOS|1|76|28|2802106|0|||||||||||||||||||||||
70|28026039|130081537475|7533|||||1|1|18071|127|21|14/11/2007|28|2806305|7177|||||2|49230000|POVOADO FEIRINHA||||28|2806305
80|28026039|130081537475|7533||5102||||3|1|2|0|0|1|0|0|0|0|0|0|0|0|
60|28026039|124044957710|7614|MIKAEL GOES DE JESUS|15/03/2009|1|3|1|PATRICIA SANTOS GOES|JOSE CLOVES CARVALHO DE JESUS|1|76|28|2802106|0|||||||||||||||||||||||
70|28026039|124044957710|7614|||||1|1|19632|20|A33|24/03/2009|28|2807600|4831||08790380550||16510897971|2|49230000|POVOADO AREIA BRANCA||||28|2806305
80|28026039|124044957710|7614||5102||||3|0|||||||||||||
60|28026039|123293590984|7443|ROBERT SAMUEL SANTOS SILVA|18/09/2007|1|3|1|RAIMIKELLY SANTOS DA LUZ SILVA|ROBSON GOES ABREU SILVA|1|76|28|2802106|0|||||||||||||||||||||||
70|28026039|123293590984|7443|||||1|1|17796|284|A 76|15/10/2007|28|2802106|5876|||||2|49230000|DISTRITO AREIA BRANCA|164|||28|2806305
80|28026039|123293590984|7443||5102||||3|1|2|0|0|1|0|0|0|0|0|0|0|0|
60|28026039|120822824735|7512|RUAN CRUZ SANTOS|04/07/2005|1|3|1|ADRIANA DA CRUZ SANTOS|NAO DECLARADO|1|76|28|2800308|0|||||||||||||||||||||||
70|28026039|120822824735|7512|||||1|1|17547|270|19|04/07/2005|28|2807600|4831||||16676013712|2|49230000|POVOADO AREIA BRANCA||||28|2806305
80|28026039|120822824735|7512||5102||||3|0|||||||||||||
60|28026039|124051007625|7553|VENICIUS CRUZ DOS SANTOS|05/08/2007|1|3|1|ADRIANA CRUZ SANTOS|LUIZ DOS SANTOS|1|76|28|2802106|0|||||||||||||||||||||||
70|28026039|124051007625|7553|||||1|1|18032|88|A21|12/09/2007|28|2806305|4820|||||2|49230000|POVOADO AREIA BRANCA||||28|2806305
80|28026039|124051007625|7553||5102||||3|0|||||||||||||
60|28026039|124050495707|7446|VITORIA MANUELY LIMA BARBOSA|06/06/2008|2|3|1|VALDIRENE DE JESUS LIMA|RENATO DE SOUZA BARBOSA|1|76|28|2802106|0|||||||||||||||||||||||
70|28026039|124050495707|7446|||||1|1|18339|95|A22|21/10/2008|28|2806305|4820||||16691534973|2|49230000|POVOADO AREIA BRANCA||||28|2806305
80|28026039|124050495707|7446||5102||||3|0|||||||||||||
60|28026039|121758891490|7611|ADAILSON DE JESUS SANTOS|24/10/2006|1|3|1|RENALVA SOUZA DE JESUS|ALADIR SILVA DOS SANTOS|1|76|28|2802106|0|||||||||||||||||||||||
70|28026039|121758891490|7611|||||1|1|17892|036|20|24/10/2006|28|2806305|4820||08775772507||21229815718|2|49230000|POVOADO AREIA BRANCA||||28|2806305
80|28026039|121758891490|7611||5103||||3|1|2|0|0|1|0|0|0|0|0|0|0|0|
60|28026039||8166|ALEXSANDRO BATISTA DOS SANTOS|19/10/2002|1|0|1|SIMONE BATISTA DOS SANTOS|VALDOMIRO SANTANA DOS SANTOS|1|76|28|2802106|0|||||||||||||||||||||||
70|28026039||8166|||||1|1|16647|35|13|27/11/2006|28|2802106|7177|||||2|49230000|POVOADO AREIA BRANCA||||28|2806305
80|28026039||8166||5103||||3|0|||||||||||||
60|28026039|122553147545|7583|ANDREY SANTOS MARCELINO|14/05/2006|1|3|1|RITA DE OLIVEIRA SANTOS|ADALTO MARCELINO DOS SANTOS|1|76|29|2925303|0|||||||||||||||||||||||
70|28026039|122553147545|7583|||||1|1|10247|47|35|14/05/2006|29|2925303|6913||08804197501||21254599578|2|49230000|POVOADO AREIA BRANCA||||28|2806305
80|28026039|122553147545|7583||5103||||3|0|||||||||||||
60|28026039||8167|CARLA DE OLIVEIRA SANTOS|31/05/1997|2|0|1|MARIA IZABEL DE OLIVEIRA|JOSE BATISTA SANTOS|1|76|28|2802106|0|||||||||||||||||||||||
70|28026039||8167|||||1|1|14364|200|14|15/09/1998|28|2806305|7177|||||2|49230000|POVOADO  BOMFIM||||28|2806305
80|28026039||8167||5103||||3|1|2|0|0|1|0|0|0|0|0|0|0|0|
60|28026039||8168|DOMINGOS RICARDO BATISTA DOS SANTOS|23/01/2005|1|0|1|SANDRA BATISTA DOS SANTOS |RINALDO FRANCISCO DOS SANTOS|1|76|28|2800670|0|||||||||||||||||||||||
70|28026039||8168|||||1|1|32496|092|48|09/06/2006|28|2803005|7177|||||2|49230000|POVOADO CEDRO||||28|2806305
80|28026039||8168||5103||||3|1|2|0|0|1|0|0|0|0|0|0|0|0|
60|28026039|120702125805|7511|ITALO VASCONCELOS SANTOS|09/07/2005|1|3|1|MARIA JOSE LIMA VASCONCELOS|JOSIVAL DOS SANTOS|1|76|28|2802106|0|||||||||||||||||||||||
70|28026039|120702125805|7511|||||1|1|15162|50|A 68|19/09/2005|28|2806305|4820|||||2|49230000|POVOADO AREIA BRANCA|||ZONA RURAL|28|2806305
80|28026039|120702125805|7511||5103||||3|1|2|0|0|1|0|0|0|0|0|0|0|0|
60|28026039|122284790550|7612|JOAO VITOR ALVES DA SILVA|06/11/2007|1|3|1|RAQUEL ALVES SANTANA|SILVERIO MARQUES DA SILVA|1|76|35|3550308|0|||||||||||||||||||||||
70|28026039|122284790550|7612|||||1|1|161287|192|0268|23/11/2007|35|3550308|6295||43248890827|||2|49230000|POVOADO AREIA BRANCA|SN|||28|2806305
80|28026039|122284790550|7612||5103||||3|1|2|0|0|1|0|0|0|0|0|0|0|0|
60|28026039||8169|JONATA DA CRUZ SANTOS|11/03/2005|1|0|1|MARILEIDE DOS SANTOS |GENIUVAL DA CRUZ SANTOS|1|76|28|2802106|0|||||||||||||||||||||||
70|28026039||8169|||||1|1|17736|457|19|15/08/2006|28|2806305|7177|||||2|49230000|POVOADO AREIA BRANCA||||28|2806305
80|28026039||8169||5103||||3|0|||||||||||||
60|28026039||8171|JUELITO LAUREANO DA SILVA|04/04/2001|1|0|1|MARIA SANTANA LAUREANO SA SILVA |JOSE FRANCISCO DA SILVA|1|76|28|2806305|0|||||||||||||||||||||||
70|28026039||8171|||||2|||||||||11085801552001100015283001589242||||2|49230000|POVOADO GONCALA||||28|2806305
80|28026039||8171||5103||||3|1|2|0|0|1|0|0|0|0|0|0|0|0|
60|28026039|121761008322|7552|LUANA PEREIRA DOS SANTOS|22/05/2007|2|3|1|LINDINALVA DE JESUS SANTOS|ALDO GILIO DOS SANTOS|1|76|28|2800308|0|||||||||||||||||||||||
70|28026039|121761008322|7552|||||1|1|18007|63|21|23/07/2007|28||7177||||22818609061|2|49230000|POVOADO AREIA BRANCA||||28|2806305
80|28026039|121761008322|7552||5103||||3|0|||||||||||||
60|28026039|121760891540|7442|MARCELA EDUARDA SILVA LIMA|19/05/2007|2|3|1|MARIA LUCIVANIA DOS SANTOS SILVA|MARCELIO ARAUJO LIMA|1|76|28|2800308|0|||||||||||||||||||||||
70|28026039|121760891540|7442|||||1|1|17975|31|21|11/06/2007|||7177||08071919578||16493763186|2|49230000|POVOADO AREIA BRANCA||||28|2806305
80|28026039|121760891540|7442||5103||||3|1|2|0|0|1|0|0|0|0|0|0|0|0|
60|28026039|124050359609|7584|MARIA EDUARDA DOS SANTOS|25/11/2007|2|3|1|FLAVIA DOS SANTOS|JOSE CARLOS DOS SANTOS|1|76|28|2802106|0|||||||||||||||||||||||
70|28026039|124050359609|7584|||||1|1|18102|158|A21|07/01/2008|||7177||86434231571||16496909351|2|49230000|POVOADO AREIA BRANCA||||28|2806305
80|28026039|124050359609|7584||5103||||3|0|||||||||||||
60|28026039|130084297343|7534|MARIA LETICIA DA SILVA RAMOS|15/11/2006|2|3|1|ANGELA FRANCISCA DA SILVA|JOAO RMOS DE SOUZA|1|76|28|2806305|0|||||||||||||||||||||||
70|28026039|130084297343|7534|||||1|1|17852|573|19|22/12/2006|28|2806305|4820|||||2|49230000|POVOADO AREIA BRANCA||||28|2806305
80|28026039|130084297343|7534||5103||||3|0|||||||||||||
60|28026039||8172|SAMUEL CONCEICAO DOS SANTOS|09/05/2003|1|0|1|CLEIA LUIZ DOS SANTOS |LUIZ DA CONCEICAO|1|76|28|2802106|0|||||||||||||||||||||||
70|28026039||8172|||||1|1|16946|187|18|22/12/2003|28|2806305|7177|||||2|49230000|POVOADO AREIA BRANCA||||28|2806305
80|28026039||8172||5103||||3|0|||||||||||||
60|28026039|121758867433|7465|ALESANDRA SANTOS DA CRUZ|27/04/2006|2|3|1|HENES SANTANA DOS SANTOS|ADAILTON MARCELINO DA CRUZ|1|76|28|2802106|0|||||||||||||||||||||||
70|28026039|121758867433|7465|||||1|1|17748|469|19|21/08/2006|28|2806305|4820|||||2|49230000|POVOADO AREIA BRANCA||||28|2806305
80|28026039|121758867433|7465||5104||||3|0|||||||||||||
60|28026039|121759154767|7531|ANTONIO MARCOS SANTOS DE JESUS|13/06/2006|1|3|1|MARIA JOSE DOS SANTOS|NEILSON CASCIANO DE JESUS|1|76|28|2802106|0|||||||||||||||||||||||
70|28026039|121759154767|7531|||||1|1|18636|92|23|08/02/2010|28|2806305|4820||86374701577||21271056366|2|49230000|POVOADO AREIA BRANCA||||28|2806305
80|28026039|121759154767|7531||5104||||3|0|||||||||||||
60|28026039||8178|CARLOS DANIEL SANTOS DE SOUZA|20/03/2002|1|0|1|MARIA JOSE TIBURCIO SANTOS|JOSE CARLOS DE SOUZA|1|76|28|2807600|0|||||||||||||||||||||||
70|28026039||8178|||||1|1|16570|570|16|20/05/2002|28|2806305|7177|||||2|49230000|POVOADO GONCALA||||28|2802106
80|28026039||8178||5104||||3|1|2|0|0|1|0|0|0|0|0|0|0|0|
60|28026039|121761251006|7550|CARLOS DANIEL SANTOS PEREIRA|26/04/2005|1|3|1|GILVANIA SANTOS PEREIRA|JOSE HELIO PEREIRA|1|76|28|2802106|0|||||||||||||||||||||||
70|28026039|121761251006|7550|||||1|1|17513|236|19|26/04/2005|28|2806305|4820||||22818287064|2|49230000|POVOADO AREIA BRANCA||||28|2806305
80|28026039|121761251006|7550||5104||||3|1|2|0|0|1|0|0|0|0|0|0|0|0|
60|28026039||8173|DANILO SANTOS BARBOSA|28/09/2006|1|0|1|DANIELE DA CONCEICAO SANTOS|MARCELO BARBOSA SANTOS|1|76|28|2802106|0|||||||||||||||||||||||
70|28026039||8173|||||1|1|17787|508|19|09/10/2006|28|2806305|7177|||||2|49230000|POVOADO RETIRO||||28|2806305
80|28026039||8173||5104||||3|1|2|0|0|1|0|0|0|0|0|0|0|0|
60|28026039||8184|FABIANA DE OLIVEIRA SANTOS|25/10/1990|2|0|1|MARIA IZABEL DE OLIVEIRA|JOSE BATISTA SANTOS|1|76|28|2802106|0|||||||||||||||||||||||
70|28026039||8184|||||1|1|9656|22|10|16/04/1991|28|2806404|7177|||||2|49230000|POVOADO GONCALA||||28|2806305
80|28026039||8184||5104||||3|1|2|0|0|1|0|0|0|0|0|0|0|0|
60|28026039|120677978161|7510|FELIPE GABRIEL NUNES VENTURA|22/02/2006|1|3|1|JOSEFA NUNES SANTOS|OTAVIO VENTURA FILHO|1|76|35|3551009|0|||||||||||||||||||||||
70|28026039|120677978161|7510|||||1|1|200656|287|294|24/02/2006|35|3551009|6327||08392671503||16327595341|2|49230000|POVOADO FEIRINHA|||ZONA RURAL|28|2806305
80|28026039|120677978161|7510||5104||||3|1|2|0|0|1|0|0|0|0|0|0|0|0|
60|28026039|121759458200|7466|GUIOMAR FRANCISCA DE JESUS NETA|20/06/2006|2|3|1|MEIRE RITA LEAL DOS SANTOS|GENIVAL SALES DA CONCEICAO|1|76|28|2802106|0|||||||||||||||||||||||
70|28026039|121759458200|7466|||||1|1|17857|01|20|08/01/2007|28|2806305|4820||08705649510||16310079515|2|49230000|POVOADO AREIA BRANCA||||28|2806305
80|28026039|121759458200|7466||5104||||3|0|||||||||||||
60|28026039|116907159871|7608|ISMAEL SANTOS PEREIRA|19/12/2002|1|3|1|GILVANIA SANTOS PEREIRA|JOSE HELIO PEREIRA|1|76|28|2802106|0|||||||||||||||||||||||
70|28026039|116907159871|7608|||||1|1|16343|370|A16|19/12/2002|28|2806305|4820||||20630046977|2|49230000|POVOADO AREIA BRANCA||||28|2806305
80|28026039|116907159871|7608||5104||||3|1|2|0|0|1|0|0|0|0|0|0|0|0|
60|28026039||8185|JAMILE SANTOS DE JESUS|24/11/2006|2|0|1|MARIA GEANE MENDES DOS SANTOS |MARCIO COSTA DE JESUS |1|76|28|2802106|0|||||||||||||||||||||||
70|28026039||8185|||||1|1|17837|558|19|04/12/2006|28|2806305|7177|||||2|49230000|POVOADO GONCALA||||28|2806305
80|28026039||8185||5104||||3|1|2|0|0|1|0|0|0|0|0|0|0|0|
60|28026039|114750932760|7464|JONAS DA CRUZ SANTOS|10/09/2002|1|0|1|MARILEIDE DOS SANTOS|GENIVAL DA CRUZ SANTOS|1|76|28|2802106|0|||||||||||||||||||||||
70|28026039|114750932760|7464|||||1|1|16745|186|17|12/11/2002|28|2806305|4820||||16290712277|2|49230000|AREIA BRANCA|S/N||ZONA RURAL|28|2806305
80|28026039|114750932760|7464||5104||||3|0|||||||||||||
60|28026039|122565477103|7532|JULIANA LEAL DOS SANTOS|28/05/2006|2|3|1|ANA CRISTINA LEAL DOS SANTOS|JOSE VALMIDO DOS SANTOS|1|76|28|2800308|0|||||||||||||||||||||||
70|28026039|122565477103|7532|||||1|1|112849|33|A251|23/08/2006|28|2800308|5576|||||2|49230000|POVOADO AREIA BRANCA||||28|2806305
80|28026039|122565477103|7532||5104||||3|1|2|0|0|1|0|0|0|0|0|0|0|0|
60|28026039|121760194408|7441|KARINA LEITE RAMOS|06/12/2006|2|3|1|MARIA PAULA SANTOS LEITE|ANDRE FERREIRA RAMOS|1|76|28|2802106|0|||||||||||||||||||||||
70|28026039|121760194408|7441|||||1|1|17855|576|19|05/01/2007|28|2806305|4820||08418009527||16311346908|2|49230000|POVOADO AREIA BRANCA||||28|2806305
80|28026039|121760194408|7441||5104||||3|1|2|0|0|1|0|0|0|0|0|0|0|0|
60|28026039|121759756490|7467|KAROLINA LEITE RAMOS|06/12/2006|2|3|1|MARIA PAULA SANTOS LEITE|ANDRE FERREIRA RAMOS|1|76|28|2802106|0|||||||||||||||||||||||
70|28026039|121759756490|7467|||||1|1|17856|577|19|05/01/2007|28|2806305|4820||||16485652702|2|49230000|POVOADO AREIA BRANCA||||28|2806305
80|28026039|121759756490|7467||5104||||3|1|2|0|0|1|0|0|0|0|0|0|0|0|
60|28026039||8186|KAUAN SANTOS DE JESUS|13/07/2006|1|0|1|LUCINEIDE SOARES DOS SANTOS|JOSE AILTON COSTA DE JESUS|1|76|28|2802106|0|||||||||||||||||||||||
70|28026039||8186|||||1|1|17781|502|19|26/09/2006|28|2806305|7177|||||2|49230000|POVOADO GONCALA||||28|2806305
80|28026039||8186||5104||||3|1|2|0|0|1|0|0|0|0|0|0|0|0|
60|28026039|122291755721|7492|LETICIA DE SOUZA SANTOS|11/09/2006|2|3|1|JOSEVANIA DE SOUZA FREITAS|FLAVIO SANTOS BATISTA|1|76|28|2800308|0|||||||||||||||||||||||
70|28026039|122291755721|7492|||||1|1|99831|253|A198|27/09/2006|28|2800308|5579||08727273512|||2|49230000|POVOADO FEIRINHA||||28|2806305
80|28026039|122291755721|7492||5104||||3|0|||||||||||||
60|28026039|121760409374|7491|LUCIMARA LEAL DOS SANTOS|17/10/2006|2|3|1|LEA DOS SANTOS|LUCIVALDO LEAL DOS SANTOS|1|76|28|2802106|0|||||||||||||||||||||||
70|28026039|121760409374|7491|||||1|1|18013|69|21|13/08/2007|28|2806305|4820||08805053546||16493665745|2|49230000|POVOADO AREIA BRANCA||||28|2806305
80|28026039|121760409374|7491||5104||||3|1|2|0|0|1|0|0|0|0|0|0|0|0|
60|28026039|116587373932|7490|LUIZ MIGUEL DE JESUS COSTA|08/03/2006|1|0|1|MARIA CLAUDIA DE JESUS|ANTONIO MARCOS COSTA DOS SANTOS|1|76|28|2806305|0|||||||||||||||||||||||
70|28026039|116587373932|7490|||||1|1|41628|91|61|24/04/2006|28|2800308|5579||||16504727865|2|49230000|DISTRITO AREIA BRANCA||||28|2806305
80|28026039|116587373932|7490||5104||||3|1|2|0|0|1|0|0|0|0|0|0|0|0|
60|28026039||8174|NATANAEL SANTOS ROSA|19/12/2006|1|0|1|KELLE CRISTINA VASCONCELOS SANTOS |NILO OLIVEIRA ROSA|1|76|28|2800308|0|||||||||||||||||||||||
70|28026039||8174|||||1|1|11324|223|13|30/01/2007|28|2804003|4798|||||2|||||||
80|28026039||8174||5104||||3|1|2|0|0|1|0|0|0|0|0|0|0|0|
60|28026039||8175|RENATO DE OLIVEIRA SANTOS|06/07/1999|1|0|1|MARIA IZABEL DE OLIVEIRA|JOSE BATISTA SANTOS|1|76|28|2802106|0|||||||||||||||||||||||
70|28026039||8175|||||1|1|15548|15|197|15/08/2000|28|2806305|7177|||||2|49230000|POVOADO GONCALA||||28|2806305
80|28026039||8175||5104||||3|1|2|0|0|1|0|0|0|0|0|0|0|0|
60|28026039||8176|SARA DE JESUS SANTOS|29/04/2007|2|0|1|ROSE MARY COSTA DE JESUS|JOSE SANDOVAL ROSA DOS SANTOS|1|76|28|2802106|0|||||||||||||||||||||||
70|28026039||8176|||||1|1|17993|49|21|03/07/2007|28|2806305|7177|||||2|49230000|POVOADO GONCALA||||28|2806305
80|28026039||8176||5104||||3|1|2|0|0|1|0|0|0|0|0|0|0|0|
60|28026039||8177|WANDERSON SANTOS DE JESUS|30/10/2003|1|0|1|LUCINEIDE SOARES DOS SANTOS|JOSE AILTON COSTA DE JESUS|1|76|28|2802106|0|||||||||||||||||||||||
70|28026039||8177|||||1|1|17127|367|18|11/08/2004|28|2806305|7177|||||2|49230000|POVOADO GONCALA||||28|2806305
80|28026039||8177||5104||||3|1|2|0|0|1|0|0|0|0|0|0|0|0|
60|28026039|121742947963|7503|ADEMILTON CONCEICAO SANTOS|18/11/2002|1|3|1|REJIANE DA CONCEICAO|JOSE AMILTON DOS SANTOS|1|76|28|2806305|0|||||||||||||||||||||||
70|28026039|121742947963|7503|||||1|1|9843|110|43|26/11/2002|28|2802809|12581||||16163375867|2|49230000|POVOADO GONCALA|||ZONA RURAL|28|2806305
80|28026039|121742947963|7503||5105||||3|1|2|0|0|1|0|0|0|0|0|0|0|0|
60|28026039||8187|ALBERTO DE JESUS LIMA|13/02/1995|1|0|1|MARIA NEIDE BATISTA DE JESUS |JOSE RAIMUNDO LIMA|1|76|28|2802106|0|||||||||||||||||||||||
70|28026039||8187|||||1|1|12630|067|13|09/03/1995|28|2806305|4820|||||2|49230000|POVOADO AREIA BRANCA||||28|2806305
80|28026039||8187||5105||||3|1|2|0|0|1|0|0|0|0|0|0|0|0|
60|28026039|120131304738|7549|ANGELO MENDES MOURA|01/11/2004|1|3|1|TANIA CRISTINA BATISTA MENDES|EDIVAN RODRIGUES MOURA|1|76|35|3552809|0|||||||||||||||||||||||
70|28026039|120131304738|7549|||||1|1|00116766|174V|A234|22/11/2004|35|3552809|6350|||||2|49230000|DISTRITO AREIA BRANCA||||28|2806305
80|28026039|120131304738|7549||5105||||3|1|2|0|0|1|0|0|0|0|0|0|0|0|
60|28026039|117808464790|7528|CRISTIELE DOS SANTOS PORFIRIO|25/02/2004|2|3|1|CRISTIANE DOS SANTOS|JOSE PORFIRIO DE SOUZA|1|76|28|2802106|0|||||||||||||||||||||||
70|28026039|117808464790|7528|||||1|1|17049|291|18|10/05/2004|28|2806305|4820||||16480193300|2|49230000|POVOADO FEIRINHA||||28|2806305
80|28026039|117808464790|7528||5105||||3|1|2|0|0|1|0|0|0|0|0|0|0|0|
60|28026039||8188|DANIELE SANDRA CONCEICAO DOS SANTOS|08/01/2005|2|0|1|MARIA LUZINETE DA CONCEICAO|ALECSANDRO DOS SANTOS|1|76|28|2802106|0|||||||||||||||||||||||
70|28026039||8188|||||1|1|15310|198|68|21/11/2005|28|2802106|7177|||||2|49230000|POVOADO GONCALA||||28|2806305
80|28026039||8188||5105||||3|1|2|0|0|1|0|0|0|0|0|0|0|0|
60|28026039|121594236290|7462|DIEGO PORFIRIO DOS SANTOS|18/01/2006|1|3|1|EDINILSA PORFIRIO DE JESUS|DIGENAL DOS SANTOS|1|76|28|2802106|0|||||||||||||||||||||||
70|28026039|121594236290|7462|||||1|1|17668|389|19|19/06/2006|28|2806305|4820||08541161501||21208594046|2|49230000|POVOADO FEIRINHA|||ZONA RURAL|28|2806305
80|28026039|121594236290|7462||5105||||3|1|2|0|0|1|0|0|0|0|0|0|0|0|
60|28026039|127539395949|7530|DOMINGOS VALERO DA CONCEICAO JUNIOR|28/08/2001|1|3|1|SANDRA DA CONCEICAO SANTOS|DOMINGOS VALERO DA CONCEICAO|1|76|28|2802106|0|||||||||||||||||||||||
70|28026039|127539395949|7530|||||1|1|16331|328|16|05/12/2001|28|2806305|4820|||||2|49230000|POVOADO GONCALA||||28|2806305
80|28026039|127539395949|7530||5105||||3|1|2|0|0|1|0|0|0|0|0|0|0|0|
60|28026039||8190|ESTER CONCEICAO DE JESUS|22/02/2001|2|0|1|MARIA JOSE DA CONCEICAO|PASCOAL DE JESUS |1|76|28|2802106|0|||||||||||||||||||||||
70|28026039||8190|||||1|1|16312|309|16|28/11/2001|28|2806305|4820|||||2|49230000|POVOADO FEIRINHA||||28|2806305
80|28026039||8190||5105||||3|1|2|0|0|1|0|0|0|0|0|0|0|0|
60|28026039||8191|GUSTAVO VIEIRA SANTOS LIMA|06/05/2003|1|0|1|LINDIANE VIEIRA SANTOS|JOSE CLAUDIO LIMA|1|76|28|2802106|0|||||||||||||||||||||||
70|28026039||8191|||||1|1|13011|299|60|02/02/2004|28|2802106|7177|||||2|49230000|POVOADO BOMFIM||||28|2806305
80|28026039||8191||5105||||3|1|2|0|0|1|0|0|0|0|0|0|0|0|
60|28026039|110238492167|7429|HUGO FERREIRA DOS SANTOS|04/09/2001|1|0|1|MARIA COSMEA SANTOS|JOSE FERREIRA DOS SANTOS|1|76|28|2802106|0|||||||||||||||||||||||
70|28026039|110238492167|7429|||||1|1|161111|208|16|23/10/2001|28|2806305|4820||08555299543||20051666418|2|49230000|DISTRITO POVOADO GONCALA|||ZONA RURAL|28|2806305
80|28026039|110238492167|7429||5105||||3|1|2|0|0|1|0|0|0|0|0|0|0|0|
60|28026039||8192|JEOEVERTON SOUZA DOS SANTOS|14/03/2003|1|0|1|SINEIDE SOUZA FILHO|GEORGE DOS SANTOS|1|76|28|2802106|0|||||||||||||||||||||||
70|28026039||8192|||||1|1|17216|457|18|11/01/2005|28|2806305|4820|||||2|49230000|POVOADO AREIA BRANCA||||28|2806305
80|28026039||8192||5105||||3|0|||||||||||||
60|28026039|119328218135|7458|JESSICA SANTOS DE JESUS|10/03/2005|2|3|1|ROSENILDE DE JESUS SANTOS|GILVAN SANTOS DE JESUS|1|76|28|2802106|0|||||||||||||||||||||||
70|28026039|119328218135|7458|||||1|1|17316|37|19|05/01/2009|28|2806305|4820||07691049595|||2|49230000|POVOADO GONCALA||||28|2806305
80|28026039|119328218135|7458||5105||||3|1|2|0|0|1|0|0|0|0|0|0|0|0|
60|28026039|116924679136|7597|JHONATAS SANTOS DE JESUS|20/08/2003|1|0|1|JOELMA SOARES DOS SANTOS|JOSE SIVALDO COSTA DE JESUS|1|76|28|2800670|0|||||||||||||||||||||||
70|28026039|116924679136|7597|||||1|1|17008|249|18|24/03/2004|28|2806305|4820||||16289070763|2|49230000|POVOADO AREIA BRANCA||||28|2806305
80|28026039|116924679136|7597||5105||||3|1|2|0|0|1|0|0|0|0|0|0|0|0|
60|28026039|116912267423|7578|JOAO VINICIUS MARCELINO DOS SANTOS|19/02/2004|1|3|1|MARIA CAETANA DOS SANTOS|DANIEL MARCELINO DOS SANTOS|1|76|28|2802106|0|||||||||||||||||||||||
70|28026039|116912267423|7578|||||1|1|7145|254|08|12/07/2004|28|2800407|5580||||16281984081|2|49230000|POVOADO AREIA BRANCA|SN|CASA|ZONA RURAL|28|2806305
80|28026039|116912267423|7578||5105||||3|1|2|0|0|1|0|0|0|0|0|0|0|0|
60|28026039|112276378297|7566|JOAO VITOR DOS SANTOS LIMA|23/07/2001|1|3|1|MARIA CLAUDIA MAURICIO DOS SANTOS|JOSEVAL DOS SANTOS LIMA|1|76|28|2806305|0|||||||||||||||||||||||
70|28026039|112276378297|7566|||||1|1|16060|101|16|26/07/2001|28|2806305|4820||08201268539||16067449332|2|49230000|POVOADO  GONCALA|||ZONA RURAL|28|2806305
80|28026039|112276378297|7566||5105||||3|1|2|0|0|1|0|0|0|0|0|0|0|0|
60|28026039|112351837346|7567|JOSE WESLEY SANTOS DE JESUS|07/05/2001|1|3|1|LUCINEIDE SOARES DOS SANTOS|JOSE AILTON COSTA DE JESUS|1|76|28|2802106|0|||||||||||||||||||||||
70|28026039|112351837346|7567|||||1|1|15912|288|15|07/05/2001|28|2806305|4820||08556864562||20051666868|2|49230000|POVOADO GONCALA|||ZONA RURAL|28|2806305
80|28026039|112351837346|7567||5105||||3|1|2|0|0|1|0|0|0|0|0|0|0|0|
60|28026039|120822213698|7529|JULIO CESAR DOS SANTOS|14/01/2006|1|3|1|JULIANA DANIELA DOS SANTOS|PAULO CESAR DOS SANTOS JUNIOR|1|76|28|2802106|0|||||||||||||||||||||||
70|28026039|120822213698|7529|||||1|1|16036|24|71|13/06/2006|28|2802106|7177||||16325784295|2|49230000|POVOADO AREIA BRANCA||||28|2806305
80|28026039|120822213698|7529||5105||||3|0|||||||||||||
60|28026039|119420860085|7579|KAUA VICTOR OLIVEIRA GOES|07/10/2003|1|3|1|JOCEANE SANTOS OLIVEIRA|RAIMUNDO FREITAS DE GOES JUNIOR|1|76|28|2802106|0|||||||||||||||||||||||
70|28026039|119420860085|7579|||||1|1|12606|194|A59|17/10/2003|28|2802106|7177|||||2|49230000|POVOADO  AREIA BRANCA||CASA||28|2806305
80|28026039|119420860085|7579||5105||||3|1|2|0|0|1|0|0|0|0|0|0|0|0|
60|28026039|117808229015|7571|LEANDRO DA CONCEICAO SALVADOR|31/08/2001|1|0|1|AUREA MARIA DA CONCEICAO SANTOS|GILVAN SALVADOR DOS SANTOS|1|76|28|2802106|0|||||||||||||||||||||||
70|28026039|117808229015|7571|||||1|1|16064|102|16|06/11/2009|28|2806305|4820|||||2|49230000|POVOADO FEIRINHA||||28|2806305
80|28026039|117808229015|7571||5105||||3|1|2|0|0|1|0|0|0|0|0|0|0|0|
60|28026039|119344903858|7488|MACIEL DE SOUZA RODRIGUES|20/12/2003|1|3|1|ADRIANA TAVARES DE SOUZA|MARCIO SOUZA RODRIGUES|1|76|28|2802106|0|||||||||||||||||||||||
70|28026039|119344903858|7488|||||1|1|00013010|298|A 60|02/02/2004|28|2802106|5876||||16474831082|2|49230000|POVOADO  MOCAMBO||||28|2806305
80|28026039|119344903858|7488||5105||||3|1|2|0|0|1|0|0|0|0|0|0|0|0|
60|28026039|116710116270|7455|MAGNO ALVES DOS REIS|19/06/2002|1|0|1|MARIA MAGNA ALVES|JOALDO ALEXANDRO DOS REIS|1|76|28|2802106|0|||||||||||||||||||||||
70|28026039|116710116270|7455|||||1|1|11054|142|A-54|30/07/2002|28|2802106|7177||||22801732426|2|49230000|POVOADO AREIA BRANCA|||AREIA BRANCA|28|2806305
80|28026039|116710116270|7455||5105||||3|0|||||||||||||
60|28026039|120822535890|7437|MARIA EDUARDA GONCALVES DE ARAUJO|19/08/2005|2|3|1|VALDELINE GONCALVES DOS SANTOS|ADEMILTON BATISTA DE ARAUJO|1|76|28|2802106|0|||||||||||||||||||||||
70|28026039|120822535890|7437|||||1|1|11033|110|45A|19/08/2005|28|2802809|12581||||22807572862|2|49230000|POVOADO AREIA BRANCA||||28|2806305
80|28026039|120822535890|7437||5105||||3|1|2|0|0|1|0|0|0|0|0|0|0|0|
60|28026039|120620935510|7489|MARIA EDUARDA SALVADOR ALVES|16/06/2005|2|3|1|MONICA SALVADOR NUNES SANTOS|EDUARDO FONSECA ALVES|1|76|28|2806305|0|||||||||||||||||||||||
70|28026039|120620935510|7489|||||1|1|17362|83|19|30/06/2005|28|2806305|7177|||||2|49230000|POVOADO FEIRINHA||||28|2806305
80|28026039|120620935510|7489||5105||||3|1|2|0|0|1|0|0|0|0|0|0|0|0|
60|28026039|113977618813|7519|MAX ALAN SANTOS DA CONCEICAO|15/11/2001|1|0|1|CLEA LUIS DOS SANTOS|LUIZ DA CONCEICAO|1|76|28|2802106|0|||||||||||||||||||||||
70|28026039|113977618813|7519|||||1|1|16302|388|16|18/02/2002|28|2806305|4820||||20630046888|2|49230000|DISTRITO POVOADO AREIA BRANCA||||28|2806305
80|28026039|113977618813|7519||5105||||3|0|||||||||||||
60|28026039|110917461257|7595|MAXSUEL SANTOS CONCEICAO|21/12/1999|1|0|1|CLEIA LUIZ DOS SANTOS|LUIZ DA CONCEICAO|1|76|28|2802106|0|||||||||||||||||||||||
70|28026039|110917461257|7595|||||1|1|15392|157V|15|04/04/2000|28|2806305|4820||||16463141438|2|49230000|DISTRITO POVOADO AREIA BRANCA||||28|2806305
80|28026039|110917461257|7595||5105||||3|0|||||||||||||
60|28026039|119138196203|7509|PAULO HENRIQUE DOS SANTOS OLIVEIRA|25/03/2004|1|3|1|VALDINEIDE DOS SANTOS|PAULO DE OLIVEIRA SANTOS|1|76|28|2802106|0|||||||||||||||||||||||
70|28026039|119138196203|7509|||||1|1|17046|288|A18|07/05/2004|28|2806305|4820||08585837551||16651124332|2|49230000|POVOADO FEIRINHA||||28|2806305
80|28026039|119138196203|7509||5105||||3|1|2|0|0|1|0|0|0|0|0|0|0|0|
60|28026039||8193|RAFAELA GOMES DUARTE|06/04/1989|2|0|1|RAIMUNDA GOMES DE JESUS |OTAVIO FLORENCIO DUARTE|1|76|28|2806305|0|||||||||||||||||||||||
70|28026039||8193|34710850|10|28|29/09/2008|1|1|9352|145|10|29/09/2008|28|2806305|4820|||||2|49230000|POVOADO AREIA BRANCA||||28|2806305
80|28026039||8193||5105||||3|0|||||||||||||
60|28026039|119607319639|7606|ROBSON CONCEICAO SANTOS|02/04/2004|1|3|1|MARIA TEREZA SANTOS|JOSE AMILTON DOS SANTOS|1|76|28|2806305|0|||||||||||||||||||||||
70|28026039|119607319639|7606|||||1|1|10747|949|44|14/02/2005|28|2802809|12581||||16640109930|2|49230000|POVOADO GONCALA|||ZOA RURAL|28|2806305
80|28026039|119607319639|7606||5105||||3|1|2|0|0|1|0|0|0|0|0|0|0|0|
60|28026039|112201005523|7565|SAMUEL SANTOS DE SOUZA|18/05/1999|1|0|1|MARIA JOSE TIBURCIO SANTOS|JOSE CARLOS DE SOUZA|1|76|28|2802106|0|||||||||||||||||||||||
70|28026039|112201005523|7565|||||1|1|14969|52|15|14/07/1999|28|2806305|4820||08643918547||20051671713|2|49230000|DISTRITO POVOADO BONFIM|||ZONA RURAL|28|2806305
80|28026039|112201005523|7565||5105||||3|0|||||||||||||
60|28026039|110051985356|7548|SANDRO BATISTA DOS SANTOS|06/03/2001|1|0|1|SIMONE BATISTA DOS SANTOS|VALDOMIRO SANTANA DOS SANTOS|1|76|28|2802106|0|||||||||||||||||||||||
70|28026039|110051985356|7548|||||1|1|15645|189|13|05/07/2003|28|2802106|5876||||20482023486|2|49230000|AREIA BRANCA|||ZONA RURAL|28|2806305
80|28026039|110051985356|7548||5105||||3|0|||||||||||||
60|28026039|120819843007|7607|SUELI DOS SANTOS|17/08/2005|2|3|1|MARIA RAIMUNDA DOS SANTOS|ERONILDES DOS SANTOS|1|76|28|2802106|0|||||||||||||||||||||||
70|28026039|120819843007|7607|||||1|1|17723|44|19|17/08/2005|28|2806305|4820||08705588545||16655493294|2|49230000|POVOADO AREIA||||28|2806305
80|28026039|120819843007|7607||5105||||3|1|2|0|0|1|0|0|0|0|0|0|0|0|
60|28026039|113861353210|7518|VENICIUS DOS SANTOS|12/04/1998|1|3|1|MARIA RAIMUNDA DOS SANTOS|ERONILDES ROSA DOS SANTOS|1|76|28|2802106|0|||||||||||||||||||||||
70|28026039|113861353210|7518|||||1|1|14261|174|14|31/08/1998|||7177||07150516521||20051673848|2|49230000|POVOADO AREIA BRANCA||||28|2806305
80|28026039|113861353210|7518||5105||||3|0|||||||||||||
60|28026039||8194|ALAN DE JESUS SANTOS|16/04/2000|1|0|1|RENALVA SOUZA DE JESUS|ALADIR SILVA DOS SANTOS|1|76|28|2802106|0|||||||||||||||||||||||
70|28026039||8194|||||1|1|8061|149|44|02/10/2000|28|2802106|7177|||||2|49230000|POVOADO AREIA BRANCA||||28|2806305
80|28026039||8194||5106||||3|1|2|0|0|1|0|0|0|0|0|0|0|0|
60|28026039|120619144466|7520|CRISLAINE VICENTE DOS SANTOS|27/02/2005|2|0|1|PATRICIA DOS SANTOS|JOSE DOMINGOS VICENTE DOS SANTOS|1|76|28|2802106|0|||||||||||||||||||||||
70|28026039|120619144466|7520|||||1|1|17416|137|19|02/08/2005|28|2806305|4820||||16466875629|2|49230000|POVOADO AREIA BRANCA||||28|2806305
80|28026039|120619144466|7520||5106||||3|1|2|0|0|1|0|0|0|0|0|0|0|0|
60|28026039|120599029241|7502|DANIELA DE JESUS FAGUNDES|22/09/2005|2|0|1|EDNA MARIA DE JESUS|RAIMUNDO JOSE SANTOS FAGUNDES|1|76|28|2802106|0|||||||||||||||||||||||
70|28026039|120599029241|7502|||||1|1|00220|185|02|05/10/2005|33|3304557|6571||||21229879198|2|49230000|POVOADO AREIA BRANCA||||28|2806305
80|28026039|120599029241|7502||5106||||3|1|2|0|0|1|0|0|0|0|0|0|0|0|
60|28026039||8197|DANIELLE RAMOS SANTOS|07/02/2003|2|0|1|ANDRELINA FERREIRA RAMOS|DANIEL  DOS SANTOS|1|76|28|2806305|0|||||||||||||||||||||||
70|28026039||8197|||||1|1|11711|199|56|10/02/2003|28|2802106|7177|||||2|49230000|POVOADO AREIA BRANCA||||28|2806305
80|28026039||8197||5106||||3|1|2|0|0|1|0|0|0|0|0|0|0|0|
60|28026039||8198|DEIVID DE JESUS SOUZA|03/06/2001|1|0|1|EDINILDE FRANCISCA DE JESUS |JOAO PORFIRIO SOUZA|1|76|28|2806305|0|||||||||||||||||||||||
70|28026039||8198|||||1|1|12296|189|18|09/07/2001|28|2800407|7177|||||2|49230000|POVOADO FEIRINHA||||28|2806305
80|28026039||8198||5106||||3|1|2|0|0|1|0|0|0|0|0|0|0|0|
60|28026039||8200|ELIANE GOMES DE SOUZA|11/07/1999|2|0|1|RAIMUNDA GOMES DE JESUS |EDMUNDO DE SOUZA|1|76|28|2802106|0|||||||||||||||||||||||
70|28026039||8200|||||1|1|15172|102|15|19/10/1999|28|2806305|7177|||||2|49230000|POVOADO AREIA BRANCA||||28|2806305
80|28026039||8200||5106||||3|1|2|0|0|1|0|0|0|0|0|0|0|0|
60|28026039|117807187807|7482|ESTEVAO CONCEICAO DE JESUS|17/12/2003|1|2|1|MARIA JOSE DA CONCEICAO|PASCOAL DE JESUS|1|76|28|2802106|0|||||||||||||||||||||||
70|28026039|117807187807|7482|38979004|10|28|20/01/2016|1|1|17045|286|18|20/01/2016|28|2806305|7177||08375830550||16325705107|2|49230000|POVOADO FEIRINHA||||28|2806305
80|28026039|117807187807|7482||5106||||3|1|2|0|0|1|0|0|0|0|0|0|0|0|
60|28026039|119159414072|7456|FERNANDA SAMARA SANTOS DE JESUS|16/05/2004|2|3|1|MARISA ROSA DOS SANTOS|JENIVAL SANTOS DE JESUS|1|76|28|2802106|0|||||||||||||||||||||||
70|28026039|119159414072|7456|||||1|1|13173,|209|20|28/05/2004|28|2800407|7177||08420141526|||2|49230000|POVOADO BOMFIM||||28|2806305
80|28026039|119159414072|7456||5106||||3|1|2|0|0|1|0|0|0|0|0|0|0|0|
60|28026039|121736480552|7600|GABRIEL DOS SANTOS|01/02/2005|1|3|1|COSMIRA DOS SANTOS|NAO DECLARADO|1|76|28|2802106|0|||||||||||||||||||||||
70|28026039|121736480552|7600|||||1|1|19051|189|29|19/07/2005|28|2807600|7177||||16290379667|2|49230000|POVOADO  CATRUZ||||28|2806305
80|28026039|121736480552|7600||5106||||3|1|2|0|0|1|0|0|0|0|0|0|0|0|
60|28026039||8201|GABRIELA DE JESUS|18/05/2002|2|0|1|COSMEA DE JESUS|RAIMUNDO DE JESUS|1|76|28|2806305|0|||||||||||||||||||||||
70|28026039||8201|||||1|1|12476|64|59|08/09/2003|28|2802106|7177|||||2|49230000|POVOADO   MALICA||||28|2806305
80|28026039||8201||5106||||3|1|2|0|0|1|0|0|0|0|0|0|0|0|
60|28026039|119314355291|7598|GELVANIA PEREIRA SALVADOR|20/07/2004|2|3|1|JOSEFA CARDOSO PEREIRA|GENILSON SALVADOR DE JESUS|1|76|28|2802106|0|||||||||||||||||||||||
70|28026039|119314355291|7598|||||1|1|17448|169|19|01/09/2005|28|2806305|4820||||16308278042|2|49230000|POVOADO AREIA BRANCA||||28|2806305
80|28026039|119314355291|7598||5106||||3|0|||||||||||||
60|28026039||8204|GEOANDERSON SOUZA DOS SANTOS|02/05/1999|1|0|1|CINEIDE SOUZA FILHO|JEORGE DOS SANTOS|1|76|28|2802106|0|||||||||||||||||||||||
70|28026039||8204|||||1|1|16097|194|16|18/10/2001|28|2806305|4820|||||2|49230000|POVOADO AREIA BRANCA||||28|2806305
80|28026039||8204||5106||||3|0|||||||||||||
60|28026039|119425958245|7546|GEOVANA DOS SANTOS NUNES|09/11/2004|2|3|1|JOSENICE DOS SANTOS|ELEILTON NUNES DOS SANTOS|1|76|28|2802106|0|||||||||||||||||||||||
70|28026039|119425958245|7546|||||1|1|17463|184|19|23/09/2005|28|2806305|4820||||16325738250|2|49230000|POVOADO FEIRINHA||||28|2806305
80|28026039|119425958245|7546||5106||||3|1|2|0|0|1|0|0|0|0|0|0|0|0|
60|28026039||8202|IRENE RAMOS DE SOUZA|12/06/2004|2|0|1|DOMINGAS RAMOS DE SOUZA||1|76|28|2806305|0|||||||||||||||||||||||
70|28026039||8202|||||1|1|17998|054|21|14/12/2016|28|2806305|4820|||||2|49230000|POVOADO CEDRO||||28|2806305
80|28026039||8202||5106||||3|1|2|0|0|1|0|0|0|0|0|0|0|0|
60|28026039|119344743206|7599|IURE SANTOS COSTA|24/09/2004|1|3|1|MARIA EDENILZA SANTOS COSTA|ANTONIO CAETANO COSTA|1|76|28|2802106|0|||||||||||||||||||||||
70|28026039|119344743206|7599|||||1|1|17163|403|18|27/09/2004|28|2806305|4820||||22001181271|2|49230000|POVOADO MOCAMBO||||28|2806305
80|28026039|119344743206|7599||5106||||3|1|2|0|0|1|0|0|0|0|0|0|0|0|
60|28026039||8205|JAINE DOS SANTOS CRUZ|29/08/1999|2|0|1|MARILEIDE DOS SANTOS|GENIVAL DA CRUZ SANTOS|1|76|28|2802106|0|||||||||||||||||||||||
70|28026039||8205|||||1|1|15968|07|16|12/07/2001|28|2806305|7177|||||2|49230000|POVOADO AREIA BRANCA||||28|2806305
80|28026039||8205||5106||||3|0|||||||||||||
60|28026039|119314245607|7457|JAMYLE ALVES DOS SANTOS|14/10/2003|2|0|1|IVANILDES ALVES DOS SANTOS|JEORGE DOS SANTOS|1|76|28|2802106|0|||||||||||||||||||||||
70|28026039|119314245607|7457|||||1|1|17217|458|18|11/01/2005|28|2806305|4820||||16284633956|2|49230000|POVOADO AREIA BRANCA||||28|2806305
80|28026039|119314245607|7457||5106||||3|1|2|0|0|1|0|0|0|0|0|0|0|0|
60|28026039|120956700356|7521|KAYKY ROSENO DOS SANTOS|10/03/2005|1|3|1|ALBERTINA DE JESUS ROSENO|JOAO BATISTA DOS SANTOS|1|76|28|2802106|0|||||||||||||||||||||||
70|28026039|120956700356|7521|||||1|1|17330|52|19|13/05/2005|28|2806305|4820||07560743552||16311871816|2|49230000|POVOADO BOMFIM||||28|2806305
80|28026039|120956700356|7521||5106||||3|1|2|0|0|1|0|0|0|0|0|0|0|0|
60|28026039|119159229330|7500|MATHEUS DE JESUS FAGUNDES|11/11/2003|1|3|1|EDNA MARIA DE JESUS|RAIMUNDO JOSE SANTOS FAGUNDES|1|76|28|2806305|0|||||||||||||||||||||||
70|28026039|119159229330|7500|||||1|1|13017|5|61|02/02/2004|28|2802106|5876||||16502368965|2|49230000|POVOADO  BOMFIM|||ZONA RURAL|28|2806305
80|28026039|119159229330|7500||5106||||3|1|2|0|0|1|0|0|0|0|0|0|0|0|
60|28026039|120677800931|7459|NAYELLEN APARECIDA DE JESUS SOUZA|12/10/2004|2|3|1|EDINILDE FRANCISCO DE JESUS|JOAO PORFIRIO SOUZA|1|76|28|2802106|0|||||||||||||||||||||||
70|28026039|120677800931|7459|||||1|1|17280|04|19|31/03/2005|28|2806305|4820||07755142507||16694231785|2|49230000|POVOADO FEIRNHA||||28|2806305
80|28026039|120677800931|7459||5106||||3|1|2|0|0|1|0|0|0|0|0|0|0|0|
60|28026039|120677740181|7572|NEIZILLY RAYANA INOCENCIO DOS SANTOS|23/11/2004|2|3|1|NEIRIVAN INOCENCIO DOS SANTOS|RUDIVAL SALVADOR NUNES|1|76|28|2802106|0|||||||||||||||||||||||
70|28026039|120677740181|7572|||||1|1|14384|172|65|15/03/2005|28|2802106|7177|||||2|49230000|POVOADO FEIRINHA||||28|2806305
80|28026039|120677740181|7572||5106||||3|1|2|0|0|1|0|0|0|0|0|0|0|0|
60|28026039|114862190633|7568|REGINA DE OLIVEIRA SANTOS|02/09/2000|2|3|1|MARIA IZABEL DE OLIVEIRA|JOSE BATISTA SANTOS|1|76|28|2806305|0|||||||||||||||||||||||
70|28026039|114862190633|7568|||||1|1|15892|285|15|15/05/2001|28|2806305|4820||||20051673686|2|49230000|POVOADO GONCALA|||ZONA RURAL|28|2806305
80|28026039|114862190633|7568||5106||||3|1|2|0|0|1|0|0|0|0|0|0|0|0|
60|28026039|116909376616|7596|REINALDO PEREIRA DE SOUZA|04/12/2002|1|3|1|JOSEFA ADRIANA PEREIRA|REGINALDO RAMOS DE SOUZA|1|76|28|2802106|0|||||||||||||||||||||||
70|28026039|116909376616|7596|||||1|1|16703|144|17|27/01/2003|28|2806305|4820||||16655438544|2|49230000|POVOADO CATRUZ||||28|2806305
80|28026039|116909376616|7596||5106||||3|1|2|0|0|1|0|0|0|0|0|0|0|0|
60|28026039|117809599665|7483|RONALD DOS SANTOS NUNES|30/09/2003|1|3|1|JOSENICE DOS SANTOS|ELEILTON NUNES DOS SANTOS|1|76|28|2802106|0|||||||||||||||||||||||
70|28026039|117809599665|7483|||||1|1|17044|285|18|04/05/2004|28|2806305|4820||08746580557|||2|49230000|POVOADO FEIRINHA||||28|2806305
80|28026039|117809599665|7483||5106||||3|1|2|0|0|1|0|0|0|0|0|0|0|0|
60|28026039||8206|SUENNIA DOS SANTOS GOMES|10/12/2003|2|0|1|MARIA JOSELICE DOS SANTOS|DENISON COSME SALES SANTOS|1|76|28|2802106|0|||||||||||||||||||||||
70|28026039||8206|||||1|1|12901|198|60|07/01/2004|28|2802106|7177|||||2|49230000|POVOADO MALICA||||28|2806305
80|28026039||8206||5106||||3|1|2|0|0|1|0|0|0|0|0|0|0|0|
60|28026039|119313769564|7501|TAISLANE SANTOS DE JESUS|26/06/2004|2|0|1|SIMONE BATISTA DOS SANTOS|JOSE DOMINGOS GOMES DE JESUS|1|76|28|2802106|0|||||||||||||||||||||||
70|28026039|119313769564|7501|||||1|1|11568|196|65|25/03/2006|28|2806305|4820||08458203545||16671449040|2|49230000|POVOADO AREIA BRANCA||||28|2806305
80|28026039|119313769564|7501||5106||||3|1|2|0|0|1|0|0|0|0|0|0|0|0|
60|28026039|110238518816|7540|ALAILSON DE JESUS SANTOS|25/09/2001|1|3|1|RENALVA SOUZA DE JESUS|ALAIR SILVA DOS SANTOS|1|76|28|2802106|0|||||||||||||||||||||||
70|28026039|110238518816|7540|||||1|1|9796|84|50|05/11/2001|28|2802106|7177||08775749521||16086517208|2|49230000|POVOADO AREIA BRANCA||||28|2806305
80|28026039|110238518816|7540||5107||||3|1|2|0|0|1|0|0|0|0|0|0|0|0|
60|28026039|117811046708|7426|ALESANDRA DORIA PEREIRA|18/09/2003|2|3|1|SONIA DORIA PEREIRA|ADILSON PEREIRA SANTOS|1|76|28|2802106|0|||||||||||||||||||||||
70|28026039|117811046708|7426|||||1|1|16892|133|18|02/10/2003|28|2806305|4820||08542243510||16161948886|2|49230000|POVOADO FEIRINHA||||28|2806305
80|28026039|117811046708|7426||5107||||3|1|2|0|0|1|0|0|0|0|0|0|0|0|
60|28026039||8207|ALEXSANDRA CONCEICAO DOS SANTOS|05/09/2002|2|0|1|ALEXSANDRO DOS SANTOS|MARIA LUZINETE DA CONCEICAO|1|76|28|2800407|0|||||||||||||||||||||||
70|28026039||8207|||||1|1|11466|254|55|25/11/2002|28|2802106|7177|||||2|49230000|POVOADO GONCALA||||28|2806305
80|28026039||8207||5107||||3|1|2|0|0|1|0|0|0|0|0|0|0|0|
60|28026039|112200935560|7425|BRUNO ALVES DE JESUS SANTOS|16/02/2000|1|0|1|IVONE ALVES DE JESUS|JOSE ELENILDO DOS SANTOS|1|76|28|2802106|0|||||||||||||||||||||||
70|28026039|112200935560|7425|||||1|1|7844|232|A-43|23/08/2000|28|2802106|7177||||16155660221|2|49230000|POV AREIA BRANCA||||28|2806305
80|28026039|112200935560|7425||5107||||3|0|||||||||||||
60|28026039|114178936211|7542|CAMILA LEITE RAMOS|18/05/2003|2|3|1|MARIA PAULA SANTOS LEITE|ANDRE FERREIRA RAMOS|1|76|28|2802106|0|||||||||||||||||||||||
70|28026039|114178936211|7542|||||1|1|19115|3|58|18/05/2003|28|2802106|5876||||16465145120|2|49230000|POVOADO AREIA BRAANCA||||28|2806305
80|28026039|114178936211|7542||5107||||3|1|2|0|0|1|0|0|0|0|0|0|0|0|
60|28026039|121152477608|7427|CICERO THIAGO ALVES SANTANA DA SILVA|28/03/2004|1|0|1|RAQUEL ALVES SANTANA|SILVERIO MARQUES DA SILVA|1|76|35|3550308|0|||||||||||||||||||||||
70|28026039|121152477608|7427|546332109|10|28|12/08/2010|1|1|091101|257|94|12/08/2010|35|3550308|7177|||||2|49230000|POVOADO GONCALA|||RURAL|28|2806305
80|28026039|121152477608|7427||5107||||3|1|2|0|0|1|0|0|0|0|0|0|0|0|
60|28026039|117808038856|7545|CLARISSE NUNES DOS SANTOS|05/09/2003|2|3|1|MAURINA NUNES DOS SANTOS|ARNALDO ALGUSTO DOS SANTOS|1|76|28|2802106|0|||||||||||||||||||||||
70|28026039|117808038856|7545|||||1|1|12484|72|59|10/09/2003|28|2802106|7177||||16464503678|2|49230000|POVOADO FEIRINHA||||28|2806305
80|28026039|117808038856|7545||5107||||3|1|2|0|0|1|0|0|0|0|0|0|0|0|
60|28026039||8208|DANIEL GOMES LIMA|12/11/1988|1|0|1|MARIA EUNICE GOMES DE JESUS|VALDIVINO DE JESUS LIMA|1|76|28|2802106|0|||||||||||||||||||||||
70|28026039||8208|||||1|1|14584|266|14|28/12/1998|28|2806305|7177|||||2|49230000|POVOADO AREIA BRANCA||||28|2806305
80|28026039||8208||5107||||3|0|||||||||||||
60|28026039||8209|DANRLEI CONCEICAO MOTA|28/03/2001|1|0|1|MARIA CESAR ROSA CONCEICAO|JOSEVALDO  ALVES DA MOTA|1|76|28|2802106|0|||||||||||||||||||||||
70|28026039||8209|||||1|1|15895|284|158|17/05/2001|28|2806305|7177|||||2|49230000|POVOADO FEIRINHA||||28|2806305
80|28026039||8209||5107||||3|1|2|0|0|1|0|0|0|0|0|0|0|0|
60|28026039|117157107979|7593|EMILLY FERNANDA DOS SANTOS RODRIGUES|17/09/2003|2|3|1|DULCILEIDE SABINO DOS SANTOS RODRIGUES|EDENILSON RODRIGUES|1|76|28|2806305|0|||||||||||||||||||||||
70|28026039|117157107979|7593|||||1|1|12517|105|59|22/09/2003|28|2802106|7177||08536936509||21228056481|2|49230000|POVOADO GONCALA|||ZONA RURAL|28|2806305
80|28026039|117157107979|7593||5107||||3|1|2|0|0|1|0|0|0|0|0|0|0|0|
60|28026039|123610518501|7481|IZABELA DA SILVA PEREIRA|22/03/2004|2|0|1|JOSINEIDE SANTOS DA SILVA|IVANILTON PAREIRA SANTOS|1|76|28|2802106|0|||||||||||||||||||||||
70|28026039|123610518501|7481|||||1|1|17013|254|A18|01/04/2004|28|2806305|4820||86145824557|||2|49230000|POVOADO FEIRINHA||||28|2806305
80|28026039|123610518501|7481||5107||||3|1|2|0|0|1|0|0|0|0|0|0|0|0|
60|28026039|110353637121|7452|JENIFE SOUZA DOS SANTOS|03/04/2001|2|0|1|CINEIDE SOUZA FILHO|JEORGE DOS SANTOS|1|76|28|2802106|0|||||||||||||||||||||||
70|28026039|110353637121|7452|||||1|1|16098|195|16|18/10/2001|28|2806305|4820||||20051686893|2|49230000|AREIA BRANCA|S/N||ZONA RURAL|28|2806305
80|28026039|110353637121|7452||5107||||3|1|2|0|0|1|0|0|0|0|0|0|0|0|
60|28026039|119138034815|7479|JONATHAS FONSECA DOS SANTOS|01/01/2004|1|3|1|CRISTIANE DORIA FONSECA|JOSE CARLOS DOS SANTOS|1|76|28|2802106|0|||||||||||||||||||||||
70|28026039|119138034815|7479|||||1|1|16960|201|18|26/01/2004|28|2806305|4820||08521391528|||2|49230000|POVOADO  FEIRINHA||||28|2806305
80|28026039|119138034815|7479||5107||||3|1|2|0|0|1|0|0|0|0|0|0|0|0|
60|28026039|126182547161|7594|JOSE DANIEL NUNES SANTOS|05/07/2000|1|3|1|MARIA DAS DORES NUNES SANTOS|JOSE ARNALDO NUNES SANTOS|1|76|28|2806305|0|||||||||||||||||||||||
70|28026039|126182547161|7594|||||1|1|8151|239|44|23/10/2000|28|2802106|7177||08384679541|||2|49230000|POVOADO FEIRINHA|||ZONA RURAL|28|2806305
80|28026039|126182547161|7594||5107||||3|1|2|0|0|1|0|0|0|0|0|0|0|0|
60|28026039||8210|MARILIA SANTOS DE JESUS|28/02/2001|2|0|1|MARIA JOSE DOS SANTOS|NEILSON CASSIANO DE JESUS |1|76|28|2802106|0|||||||||||||||||||||||
70|28026039||8210|||||1|1|16333|360|16|28/02/2002|28|2806305|7177|||||2|49230000|POVOADO AREIA BRANCA||||28|2806305
80|28026039||8210||5107||||3|0|||||||||||||
60|28026039|112125464585|7561|MICAEL DOS SANTOS CRUZ|25/11/2000|1|0|1|MARILEIDE DOS SANTOS|GENIVALDO DA CRUZ SANTOS|1|76|28|2802106|0|||||||||||||||||||||||
70|28026039|112125464585|7561|||||1|1|15944|296|15|20/06/2001|28|2806305|7177||||20623487238|2|49230000|DISTRITO POVOADO AREIA BRANCA||||28|2806305
80|28026039|112125464585|7561||5107||||3|0|||||||||||||
60|28026039|119423240061|7480|MIKAELLE VITORIA GOES DE JESUS|15/03/2004|2|3|1|PATRICIA SANTOS GOES|EDSON SOUZA DE JESUS|1|76|28|2802106|0|||||||||||||||||||||||
70|28026039|119423240061|7480|||||1|1|13336|24|62|20/04/2005|28|2802106|7177||05925715560||16472836761|2|49230000|POVOADO AREIA BRANCA||||28|2806305
80|28026039|119423240061|7480||5107||||3|0|||||||||||||
60|28026039||8212|RAI SANTOS DE JESUS|29/10/2000|1|0|1|APARECIDA DOS SANTOS |JOSE RAIMUNDO GOMES DE JESUS|1|76|28|2802106|0|||||||||||||||||||||||
70|28026039||8212|||||1|1|15965|04|16|10/07/2001|28|2806305|7177|||||2|49230000|POVOADO AREIA BRANCA||||28|2806305
80|28026039||8212||5107||||3|0|||||||||||||
60|28026039|117809839720|7478|STEFANY SAMARA SOARES SANTOS|08/02/2004|2|3|1|SILVANILZA SOARES DOS SANTOS|SERGIO DE OLIVEIRA SANTOS|1|76|28|2806305|0|||||||||||||||||||||||
70|28026039|117809839720|7478|||||1|1|13216|204|61|22/03/2004|28|2802106|7177||08603532575|||2|49230000|POVOADO FEIRINHA|||ZONA RURAL|28|2806305
80|28026039|117809839720|7478||5107||||3|1|2|0|0|1|0|0|0|0|0|0|0|0|
60|28026039||8213|SUELI DOS SANTOS|02/02/1990|2|0|1|MARIA IZABEL BISPO DOS SNTOS|BALBINO ROSA DOS SANTOS|1|76|28|2806305|0|||||||||||||||||||||||
70|28026039||8213|||||1|1|9116|86|10|21/05/1990|28|2806305|4820|||||2|49230000|POVOADO AREIA BRANCA||||28|2806305
80|28026039||8213||5107||||3|1|2|0|0|1|0|0|0|0|0|0|0|0|
60|28026039|117809239022|7517|TAISLANIA DE JESUS SANTOS|29/07/2003|2|3|1|EDENILSA PORFIRIO DE JESUS|DIGENAL DOS SANTOS|1|76|28|2802106|0|||||||||||||||||||||||
70|28026039|117809239022|7517|||||1|1|17432|153|19|15/08/2005|28|2806305|4820|||||2|49230000|POVOADO FEIRINHA|||ZONA RURAL|28|2806305
80|28026039|117809239022|7517||5107||||3|1|2|0|0|1|0|0|0|0|0|0|0|0|
60|28026039||8214|VALDELICE DE SOUZA CARDOSO|09/08/1998|2|0|1|DOMINGAS RAMOS DE SOUZA|VALDEMAR DE SOUZA CARDOSO|1|76|28|2802106|0|||||||||||||||||||||||
70|28026039||8214|||||2|||||||||11041101552000100041228000724030||||2|49230000|POOADO CATRUZ||||28|2806305
80|28026039||8214||5107||||3|1|2|0|0|1|0|0|0|0|0|0|0|0|
60|28026039|113300758628|7601|ANDREZA DOS SANTOS|06/04/2003|2|0|1|MARIA DE LOURDES DOS SANTOS|EDINILSON DOS SANTOS|1|76|28|2802106|0|||||||||||||||||||||||
70|28026039|113300758628|7601|||||1|1|16803|44|18|12/05/2003|28|2806305|7177||08685586569||16159663721|2|49230000|POVOADO BOMFIM||||28|2806305
80|28026039|113300758628|7601||5108||||3|1|2|0|0|1|0|0|0|0|0|0|0|0|
60|28026039|116709169285|7547|ANY MANUELA SOARES SANTOS|31/07/2003|2|3|1|ADINETE MESSIAS SOARES SANTOS|GIVALDO SOARES SANTOS|1|76|28|2806305|0|||||||||||||||||||||||
70|28026039|116709169285|7547|||||1|1|16917|158|18|26/11/2003|28|2806305|7177||||16160787900|2|49230000|POVOADO FEIRINHA|||ZONA RURAL|28|2806305
80|28026039|116709169285|7547||5108||||3|1|2|0|0|1|0|0|0|0|0|0|0|0|
60|28026039||8215|CARLOS DANIEL CONCEICAO DOS SANTOS|22/07/1999|1|0|1|MARIA LUZINETE DA COCEICAO|JOSE CARLOS DOS SANTOS|1|76|28|2800407|0|||||||||||||||||||||||
70|28026039||8215|||||1|1|12047|126|18|29/08/2000|28|2800407|7177|||||2|49230000|POVOADO GONCALA||||28|2806305
80|28026039||8215||5108||||3|1|2|0|0|1|0|0|0|0|0|0|0|0|
60|28026039|110917458540|7430|HUGO DE JESUS LIMA|24/12/1997|1|3|1|ELENILZA SALVADOR DE JESUS|JOSE DOS SANTOS LIMA|1|76|28|2802106|0|||||||||||||||||||||||
70|28026039|110917458540|7430|||||1|1|10306|294|51|19/02/2002|28|2802106|7177||07866955522||16067890179|2|49230000|POVOADO AREIA BRANCA||||28|2806305
80|28026039|110917458540|7430||5108||||3|0|||||||||||||
60|28026039||8217|ISMAEL SILVA SANTOS|29/03/1998|1|0|1|LINDINALVA DOS SANTOS|SIVAL SILVA DOS SANTOS|1|76|28|2802106|0|||||||||||||||||||||||
70|28026039||8217|||||1|1|11083|89|16|17/08/1998|28|2800670|7177|||||2|49230000|POVOADO AREIA BRANCA||||28|2806305
80|28026039||8217||5108||||3|0|||||||||||||
60|28026039|113674693762|7602|JEOVANIA LUCIA DOS SANTOS|21/03/2002|2|0|1|JAILDA DOS SANTOS|DANIEL DOS SANTOS|1|76|28|2802106|0|||||||||||||||||||||||
70|28026039|113674693762|7602|||||1|1|16442|541|16|29/04/2002|28|2806305|7177||||16308686655|2|49230000|AREIA BRANCA|S/N||ZONA RURAL|28|2806305
80|28026039|113674693762|7602||5108||||3|0|||||||||||||
60|28026039|110238518905|7573|JOSE INACIO DOS SANTOS DE JESUS|08/06/2000|1|0|1|JOELMA SOARES DOS SANTOS|JOSE SIVALDO COSTA DE JESUS|1|76|28|2802106|0|||||||||||||||||||||||
70|28026039|110238518905|7573|||||1|1|15595|208|15|11/09/2000|28|2806305|7177||||20051666779|2|49230000|DISTRITO POVOADO AREIA BRANCA||||28|2806305
80|28026039|110238518905|7573||5108||||3|1|2|0|0|1|0|0|0|0|0|0|0|0|
60|28026039||8216|JOSE RAIMUNDO LIMA JUNIOR|17/02/1996|1|0|1|MARIA NEIDE BATISTA DE JESUS|JOSE RAIMUNDO LIMA|1|76|28|2802106|0|||||||||||||||||||||||
70|28026039||8216|36479829|10|28|31/10/2011|1|1|13229|216|13|27/07/1996|28|2806305|7177|||||2|49230000|POVOADO AREIA BRANCA||||28|2806305
80|28026039||8216||5108||||3|1|2|0|0|1|0|0|0|0|0|0|0|0|
60|28026039|116494222535|7523|KAMYLLA SANTOS SOUZA|20/11/2001|2|3|1|ANTONIA MESSIAS SANTOS|ALEXANDRO DE SOUZA|1|76|28|2802106|0|||||||||||||||||||||||
70|28026039|116494222535|7523|||||1|1|10112|100|A - 51|10/01/2002|28|2802106|5876||06982729516||16316511494|2|49230000|POVOADO AREIA BRANCA|||RURAL|28|2806305
80|28026039|116494222535|7523||5108||||3|1|2|0|0|1|0|0|0|0|0|0|0|0|
60|28026039|112804861391|7574|LARISSA LEAL DOS SANTOS|15/10/2001|2|0|1|LEA DOS SANTOS|LUCIVALDO LEAL DOS SANTOS|1|76|28|2802106|0|||||||||||||||||||||||
70|28026039|112804861391|7574|||||1|1|16426|513|16|08/04/2002|28|2806305|7177||08805076597||16466904491|2|49230000|DISTRITO POVOADO AREIA BRANCA||||28|2806305
80|28026039|112804861391|7574||5108||||3|0|||||||||||||
60|28026039|116912458792|7524|LUCAS DOS SANTOS RAMOS|05/12/2002|1|3|1|SELMA EPIFANEO DOS SANTOS|JOSE FERREIRA RAMOS|1|76|28|2802908|0|||||||||||||||||||||||
70|28026039|116912458792|7524|||||1|1|16785|27|18|16/04/2003|28|2807600|4831||||16483958383|2|49230000|POVOADO AREIA BRANCA||||28|2806305
80|28026039|116912458792|7524||5108||||3|1|2|0|0|1|0|0|0|0|0|0|0|0|
60|28026039|117225280600|7604|MARCELO GONCALVES DE ARAUJO|27/09/2002|1|0|1|VALDILENE GONCALVES DOS SANTOS|ADMILTON BATISTA DE ARAUJO|1|76|28|2802106|0|||||||||||||||||||||||
70|28026039|117225280600|7604|||||1|1|9854|117|A43|17/12/2002|28|2802809|7177||||16455137354|2|49230000|POVOADO AREIA BRANCA||||28|2806305
80|28026039|117225280600|7604||5108||||3|1|2|0|0|1|0|0|0|0|0|0|0|0|
60|28026039||8218|MARIA JOSE RAMOS DE SOUZA|16/10/2001|2|0|1|DOMINGAS RAMOS DE SOUZA||1|76|28|2806305|0|||||||||||||||||||||||
70|28026039||8218|||||2|||||||||11085801552003100017171001673041||||2|49230000|POVOADO CATRUZ||||28|2806305
80|28026039||8218||5108||||3|1|2|0|0|1|0|0|0|0|0|0|0|0|
60|28026039|126182547242|7525|RAFAEL GOMES DE SOUZA|14/02/2001|1|3|1|RAIMUNDA GOMES DE JESUS|EDMUNDO DE SOUZA|1|76|28|2806305|0|||||||||||||||||||||||
70|28026039|126182547242|7525|||||1|1|15960|300|15|09/07/2001|28|2806305|7177|||||2|49230000|POVOADO AREIA BRANCA|||ZONA RURAL|28|2806305
80|28026039|126182547242|7525||5108||||3|1|2|0|0|1|0|0|0|0|0|0|0|0|
60|28026039|117805394449|7505|REBECA CONCEICAO DE JESUS|18/02/2002|2|3|1|EDISELMA CONCEICAO DE JESUS||1|76|28|2806305|0|||||||||||||||||||||||
70|28026039|117805394449|7505|||||1|1|16424|521|16|17/04/2002|28|2806305|7177||08464637500||16656760091|2|49230000|POVOADO FEIRINHA|||ZONA RURAL|28|2806305
80|28026039|117805394449|7505||5108||||3|1|2|0|0|1|0|0|0|0|0|0|0|0|
60|28026039||8219|RENATO BATISTA DOS SANTOS|15/06/2001|1|0|1|SANDRA BATISTA DOS SANTOS |RINALDO FRANCISCO DOS SANTOS|1|76|28|2800308|0|||||||||||||||||||||||
70|28026039||8219|||||1|1|28032|360|40|07/01/2002|28|2803005|7177|||||2|49230000|POVOADO CEDRO||||28|2806305
80|28026039||8219||5108||||3|1|2|0|0|1|0|0|0|0|0|0|0|0|
60|28026039|113483972683|7504|RIAN OLIVEIRA DE JESUS|30/01/2002|1|3|1|ROSIMEIRE OLIVEIRA JESUS|ALBERTINO DE JESUS|1|76|28|2802809|0|||||||||||||||||||||||
70|28026039|113483972683|7504|||||1|1|9687|32|43|30/07/2012|28|2801207|7177||||16634325643|2|49230000|POVOADO AREIA BRANCA||||28|2806305
80|28026039|113483972683|7504||5108||||3|0|||||||||||||
60|28026039|116913711068|7460|TAIS DE JESUS LIMA|08/05/2002|2|3|1|JOSEFA DE JESUS SANTOS|JOSE DOMINGOS OLIVEIRA LIMA|1|76|28|2802106|0|||||||||||||||||||||||
70|28026039|116913711068|7460|||||1|1|16656|97|17|25/11/2002|28|2806305|7177||||16629024304|2|49230000|POVOADO AREIA BRANCA||||28|2806305
80|28026039|116913711068|7460||5108||||3|0|||||||||||||
60|28026039|113483970044|7522|VITOR MANOEL GOMES LIMA|29/08/2001|1|0|1|MARIA EUNICE GOMES DE JESUS|VALDIVINO DE JESUS LIMA|1|76|28|2802106|0|||||||||||||||||||||||
70|28026039|113483970044|7522|||||1|1|16032|73|15|17/09/2001|28|2806305|7177||08482278592||20051686508|2|49230000|DISTRITO POVOADO AREIA BRANCA||||28|2806305
80|28026039|113483970044|7522||5108||||3|0|||||||||||||
60|28026039|113825667862|7440|CARLA DE OLIVEIRA SANTOS|31/05/1997|2|3|1|MARIA IZABEL DE OLIVEIRA|JOSE BATISTA SANTOS|1|76|28|2802106|1|0|0|0|0|0|0|1|0|0|0|1|0|0|1|1|0|0|0|0|0|0|0|0
70|28026039|113825667862|7440|||||1|1|14364|200|14|15/09/1998|||7177||||20051673643|2|49230000|POVOADO BONFIM||||28|2806305
80|28026039|113825667862|7440||5151|||17|3|1|2|0|0|1|0|0|0|0|0|0|0|0|
60|28026039|113333146206|7487|FABIANA DE OLIVEIRA SANTOS|25/10/1990|2|3|1|MARIA ISABEL DE OLIVEIRA|JOSE BATISTA SANTOS|1|76|28|2802106|1|0|0|0|0|0|0|1|1|0|0|1|0|0|1|1|0|0|0|0|0|0|0|0
70|28026039|113333146206|7487|||||1|1|9656|222|10|16/04/1991|28|2806305|4820||07653658555||16007566014|2|49230000|POVOADO BONFIM||||28|2806305
80|28026039|113333146206|7487||5151|||18|3|1|2|0|0|1|0|0|0|0|0|0|0|0|
60|28026039|124050023295|7444|FELIPE DOS SANTOS CRUZ|09/04/2008|1|3|1|MARILEIDE DOS SANTOS|GENIVAL DA CRUZ SANTOS|1|76|28|2802106|1|0|0|0|0|0|0|0|0|0|0|0|1|0|1|1|0|0|0|0|0|0|0|0
70|28026039|124050023295|7444|||||1|1|18808|264|23|25/10/2010|28|2806305|4820|||||2|49230000|POVOADO AREIA BRANCA||||28|2806305
80|28026039|124050023295|7444||5151|||15|3|0|||||||||||||
60|28026039|119920779910|7468|JOSE ANTONIO DANTAS FILHO|19/11/2006|1|3|1|RITA ADRIANA DE JESUS DANTAS|MANOEL ANTONIO FILHO|1|76|29|2923803|1|0|0|0|0|0|0|0|0|0|0|0|1|0|1|1|0|0|0|0|0|0|0|0
70|28026039|119920779910|7468|||||1|1|31457|287|A31|17/01/2007|||7177||||16326076359|2|49230000|POVOADO AREIA BRANCA|SN|CASA|ZONA RURAL|28|2806305
80|28026039|119920779910|7468||5151|||16|3|1|2|0|0|1|0|0|0|0|0|0|0|0|
99|