00|201912|||||1|01/03/2019|09/12/2019|CITII|||49230000|ESTRADA POVOADO CRASTO, 190||||28|2806305|30|||||||00001|1|1||||||||||2|0||
10|201912|0|0|1|0|0|0|0|0|0|0|0|||||||0|0|0|0|0|0|0|0|0|0|0|0|0|0|0|0|0|0|0|0|0|0|0|0|0|0|0|0|0|0|0|0|0|0|0|0|0|0|0|0|0|0|0|0|0|0|0|0|0|0|0||||||||||||||||||0|0|0|0|0|0|0|0|0|0|0|0|0|0||||0|0|0
20|201912||5800|CLOC---NIVEL3||08|30|11|30|0|1|1|1|1|1|1|0|0||||||||||||||||||1|39||0|0|0|0|0|0|0|0|0|0|0|0|0|0|0|0|0|0|0|0|0|0|0|0|0|0
20|201912||5801|CLOC---NIVEL-2|1|08|00|11|00|0|1|1|1|1|1|1|0|0||||||||||||||||||1|39||0|0|0|0|0|0|0|0|0|0|0|0|0|0|0|0|0|0|0|0|0|0|0|0|0|0
60|201912||19671|ADRIANA COSTA MOREIRA|09/07/2001|2|0|1|VALDECI PEREIRA DA COSTA||1|76|||0|||||||||||||||||||||||
70|201912||19671||||||||||||||||||2|||||||
80|201912||19671||5800||||3|0|||||||||||||
60|201912||19670|ALVARO PEREIRA SILVA|03/03/2002|1|0|1|EDILEUZA PEREIRA SANTOS SILVA||1|76|||0|||||||||||||||||||||||
70|201912||19670||||||||||||||||||2|||||||
80|201912||19670||5800||||3|0|||||||||||||
60|201912||19679|AMANDA PEREIRA ALBUQUERQUE|14/02/2007|2|0|1|ALAIR PEREIRA ALBUQUERQUE||1|76|||0|||||||||||||||||||||||
70|201912||19679||||||||||||||||||2|||||||
80|201912||19679||5800||||3|0|||||||||||||
60|201912||19674|ANA ALINE DO SANTOS AMARO|15/08/2004|2|0|1|ALINE MOREIRA DO SANTOS||1|76|||0|||||||||||||||||||||||
70|201912||19674||||||||||||||||||2|||||||
80|201912||19674||5800||||3|0|||||||||||||
60|201912||19669|ANDERSON RENEIS SANTOS ALVES|26/11/2002|1|0|1|MARIA DA CONCEICAO SANTOS||1|76|||0|||||||||||||||||||||||
70|201912||19669||||||||||||||||||2|||||||
80|201912||19669||5800||||3|0|||||||||||||
60|201912||19693|CARLOS AUGUSTO DOS SANTOS JUNIOR|28/09/1999|1|0|1|MARIA AUGUSTA DO NASCIMENTO||1|76|||0|||||||||||||||||||||||
70|201912||19693||||||||||||||||||2|||||||
80|201912||19693||5800||||3|0|||||||||||||
60|201912||19682|CECILIA PEREIRA ALBUQUERQUE|15/03/2005|2|0|1|ALAIR PEREIRA ALBUQUERQUE||1|76|||0|||||||||||||||||||||||
70|201912||19682||||||||||||||||||2|||||||
80|201912||19682||5800||||3|0|||||||||||||
60|201912||19690|ELIAS DOS SANTOS SEVERO|03/09/1997|1|0|1|MARIA DO CARMO EPIFANEO DOS SANTOS||1|76|||0|||||||||||||||||||||||
70|201912||19690||||||||||||||||||1|||||||
80|201912||19690||5800||||3|0|||||||||||||
60|201912||19672|FABIOLA DO SANTOS COSTA|26/03/2003|2|0|1|DALVA JACINTO DO SANTOS||1|76|||0|||||||||||||||||||||||
70|201912||19672||||||||||||||||||2|||||||
80|201912||19672||5800||||3|0|||||||||||||
60|201912||19675|GEISE HELLEN SANTOS COSTA|14/09/2004|2|0|1|DILMA MOREIRA DO SANTOS||1|76|||0|||||||||||||||||||||||
70|201912||19675||||||||||||||||||2|||||||
80|201912||19675||5800||||3|0|||||||||||||
60|201912||19665|GRAZIELE SANTOS TEIXEIRA|16/02/2005|2|0|1|TANIA SANTIAGO SANTOS||1|76|||0|||||||||||||||||||||||
70|201912||19665||||||||||||||||||2|||||||
80|201912||19665||5800||||3|0|||||||||||||
60|201912||19683|KIMBERLY DE JESUS ANDRADE|21/04/2004|2|0|1|MARIA DE LURDES SANTOS JESUS||1|76|||0|||||||||||||||||||||||
70|201912||19683||||||||||||||||||2|||||||
80|201912||19683||5800||||3|0|||||||||||||
60|201912||19684|LUCIMARA DOS SANTOS|04/05/2003|2|0|1|LUCIANA DOS SANTOS||1|76|||0|||||||||||||||||||||||
70|201912||19684||||||||||||||||||2|||||||
80|201912||19684||5800||||3|0|||||||||||||
60|201912||19667|MARCELO NASCIMENTO DO SANTOS|06/09/2002|1|0|1|MARIA EUNICE DO NASCIMENTO||1|76|||0|||||||||||||||||||||||
70|201912||19667||||||||||||||||||2|||||||
80|201912||19667||5800||||3|0|||||||||||||
60|201912||19666|MARCOS PAULO CARDOSO DO SANTOS|25/01/2005|1|0|1|ADRIANA SALVADOR CARDOSO||1|76|||0|||||||||||||||||||||||
70|201912||19666||||||||||||||||||2|||||||
80|201912||19666||5800||||3|0|||||||||||||
60|201912||19691|OTAVIO SANTOS MOREIRA RAMOS|09/12/2003|1|0|1|ROSANA SANTOS MOREIRA||1|76|||0|||||||||||||||||||||||
70|201912||19691||||||||||||||||||2|||||||
80|201912||19691||5800||||3|0|||||||||||||
60|201912||19668|PAULO ROBERTO SANTOS SILVA|31/01/2002|1|0|1|ONERACY OLIVEIRA DO SANTOS SILVA||1|76|||0|||||||||||||||||||||||
70|201912||19668||||||||||||||||||2|||||||
80|201912||19668||5800||||3|0|||||||||||||
60|201912||19660|ALAN LAUREANO DO SANTOS|13/09/2005|1|0|1|IVONE MARIA LAUREANO||1|76|||0|||||||||||||||||||||||
70|201912||19660||||||||||||||||||2|||||||
80|201912||19660||5801||||3|0|||||||||||||
60|201912||19657|ALESSANDRA SANTOS DE JESUS|11/11/2005|2|0|1|ALEXSANDRA DOS SANTOS||1|76|||0|||||||||||||||||||||||
70|201912||19657||||||||||||||||||2|||||||
80|201912||19657||5801||||3|0|||||||||||||
60|201912||19661|EULLER VITOR SANTOS DE JESUS|16/09/2005|1|0|1|CLAUDINEIDE DE JESUS SANTOS||1|76|||0|||||||||||||||||||||||
70|201912||19661||||||||||||||||||2|||||||
80|201912||19661||5801||||3|0|||||||||||||
60|201912||19677|EVAN CLAYTON ARAUJO DE SOUZA|14/05/2006|1|0|1|ELIANA ARAUJO DOS SANTOS||1|76|||0|||||||||||||||||||||||
70|201912||19677||||||||||||||||||2|||||||
80|201912||19677||5801||||3|0|||||||||||||
60|201912||19656|EVERSON MUNIZ MENDES|06/06/2006|1|0|1|MARIA SOLANGE MUNIZ DOS SANTOS||1|76|||0|||||||||||||||||||||||
70|201912||19656||||||||||||||||||2|||||||
80|201912||19656||5801||||3|0|||||||||||||
60|201912||19686|FABIANA SANTOS COSTA|24/05/2004|2|0|1|DALVA JACINTO DOS SANTOS||1|76|||0|||||||||||||||||||||||
70|201912||19686||||||||||||||||||2|||||||
80|201912||19686||5801||||3|0|||||||||||||
60|201912||19678|GABRIELLI SANTOS VIEIRA|21/07/2006|2|0|1|ANA TEREZA DO NASCIMENTO SANTOS||1|76|||0|||||||||||||||||||||||
70|201912||19678||||||||||||||||||2|||||||
80|201912||19678||5801||||3|0|||||||||||||
60|201912||19673|KEITILLY VITORIA SOUZA SIRINO|15/03/2006|2|0|1|SILVANETE DO SANTOS SILVA||1|76|||0|||||||||||||||||||||||
70|201912||19673||||||||||||||||||2|||||||
80|201912||19673||5801||||3|0|||||||||||||
60|201912||19680|KENERFY RAIANY GOMES RODRIGUES|15/03/2004|2|0|1|CARLA SILVANIA GOMES MENEZES||1|76|||0|||||||||||||||||||||||
70|201912||19680||||||||||||||||||2|||||||
80|201912||19680||5801||||3|0|||||||||||||
60|201912||19685|LAIS KISLLEY DA COSTA REIS|12/07/2005|2|0|1|ANGELICA PEREIRA COSTA||1|76|||0|||||||||||||||||||||||
70|201912||19685||||||||||||||||||2|||||||
80|201912||19685||5801||||3|0|||||||||||||
60|201912||19664|LEONICE TAVARES DO SANTOS|25/04/2004|2|0|1|MARIA EUNICE DO SANTOS||1|76|||0|||||||||||||||||||||||
70|201912||19664||||||||||||||||||2|||||||
80|201912||19664||5801||||3|0|||||||||||||
60|201912||19662|MARIA CLARA DA CUNHA NETO|23/07/2005|2|0|1|ANDREA LUIZA DOS SANTOS||1|76|||0|||||||||||||||||||||||
70|201912||19662||||||||||||||||||2|||||||
80|201912||19662||5801||||3|0|||||||||||||
60|201912||19688|MICHELY COSTA SANTOS|28/06/2005|2|0|1|LELENILDE COSTA SANTOS||1|76|||0|||||||||||||||||||||||
70|201912||19688||||||||||||||||||2|||||||
80|201912||19688||5801||||3|0|||||||||||||
60|201912||19658|NAILY DE SA SANTOS|05/12/2005|2|0|1|MARIA LEDIVAN DE SA SANTOS||1|76|||0|||||||||||||||||||||||
70|201912||19658||||||||||||||||||2|||||||
80|201912||19658||5801||||3|0|||||||||||||
60|201912||19692|PABLO JOSE DA COSTA FERREIRA|12/08/2005|1|0|1|SUELEM SERAFIM DA COSTA||1|76|||0|||||||||||||||||||||||
70|201912||19692||||||||||||||||||2|||||||
80|201912||19692||5801||||3|0|||||||||||||
60|201912||19659|RAISSA SALVADOR SANTOS|27/09/2005|2|0|1|ESTELA DA CRUZ SANTOS||1|76|||0|||||||||||||||||||||||
70|201912||19659||||||||||||||||||2|||||||
80|201912||19659||5801||||3|0|||||||||||||
60|201912||19663|RENILSON DAS DORES SANTOS|11/05/2005|1|0|1|MARIA JOSE DAS DDORES||1|76|||0|||||||||||||||||||||||
70|201912||19663||||||||||||||||||2|||||||
80|201912||19663||5801||||3|0|||||||||||||
60|201912||19689|RITA DE PAULA SILVA NETO|22/05/2005|2|0|1|MARIA RAIMUNDA CARVALHO SANTOS||1|76|||0|||||||||||||||||||||||
70|201912||19689||||||||||||||||||2|||||||
80|201912||19689||5801||||3|0|||||||||||||
60|201912||19676|RUAN DE JESUS SANTOS|11/06/2002|1|0|1|ZEINADE REIS DE JESUS||1|76|||0|||||||||||||||||||||||
70|201912||19676||||||||||||||||||2|||||||
80|201912||19676||5801||||3|0|||||||||||||
60|201912||19681|TAUANA DOS SANTOS|16/10/2006|2|0|1|VERANILZA DOS SANTOS||1|76|||0|||||||||||||||||||||||
70|201912||19681||||||||||||||||||2|||||||
80|201912||19681||5801||||3|0|||||||||||||
60|201912||19687|WENDERSON SANTOS RIBEIRO|07/11/2006|1|0|1|IOLANDA RIBEIRO DO SANTOS||1|76|||0|||||||||||||||||||||||
70|201912||19687||||||||||||||||||2|||||||
80|201912||19687||5801||||3|0|||||||||||||
99|